episode,episode_reward,p_loss,v_loss,t_loss
0,-88.7921093676425,1.5036537766456604,11.913200511932374,13.416854267120362
1,-89.56099392323375,1.5115127420425416,9.795224609375,11.306737308502198
2,-74.12973167781068,1.2624155378341675,8.351841125488281,9.614256706237793
3,-72.05655890013318,1.2164257550239563,11.354964904785156,12.571390686035157
4,-98.49455234621712,1.6565158700942992,12.190573654174806,13.847089538574219
5,-105.03773441094842,1.7769889783859254,13.643113193511963,15.420102214813232
6,-74.45300455477178,1.214836564064026,12.91010280609131,14.124939346313477
7,-56.82972863884518,0.9364812207221985,7.2694400119781495,8.205921268463134
8,-88.18684602626351,1.4462706565856933,12.410972557067872,13.857243194580079
9,-67.06227034983195,1.0863255143165589,9.213048820495606,10.29937437057495
10,-78.69695506255174,1.276559510231018,12.69170623779297,13.968265819549561
11,-60.98031783255496,0.9891768455505371,7.737046766281128,8.726223621368408
12,-67.93084328927299,1.1097325778007507,8.421349983215332,9.531082572937011
13,-60.765401678470454,0.980541330575943,10.155481262207031,11.13602258682251
14,-63.33332891530202,1.0166963684558867,8.804764213562011,9.821460552215576
15,-53.147221922484945,0.8190189182758332,9.099152736663818,9.918171672821044
16,-72.95401547347194,1.1801303482055665,12.075948371887208,13.25607873916626
17,-49.56297120971479,0.7753736650943757,6.835869235992432,7.611242876052857
18,-42.83397995023314,0.6735106313228607,5.999147691726685,6.67265832901001
19,-54.24471255678226,0.8591791391372681,7.161907472610474,8.021086587905884
20,-54.98395957775716,0.8301397478580474,8.838550205230712,9.668689994812011
21,-41.96265666767407,0.639074434041977,7.163550586700439,7.8026250457763675
22,-85.53495504975291,1.376037404537201,7.669829301834106,9.045866680145263
23,-58.622613482102366,0.929127779006958,11.392643394470214,12.321771240234375
24,-51.938192699494635,0.8244073593616486,8.220079441070556,9.044486885070802
25,-68.50515990940639,1.0809140753746034,9.520562858581544,10.601476936340331
26,-44.181300939148144,0.6669106388092041,8.755085430145265,9.421996116638184
27,-49.05720944847465,0.7551332473754883,12.776811809539796,13.531944980621338
28,-71.99521828913304,1.1413729667663575,8.77412691116333,9.915499897003174
29,-53.233459656433936,0.8093156111240387,7.028618907928466,7.837934513092041
30,-50.23659629752528,0.7620340514183045,9.797526016235352,10.559560127258301
31,-72.443638114798,1.144547598361969,13.221061782836914,14.365609397888184
32,-69.23278928295642,1.0611088967323303,8.262986869812012,9.324095783233643
33,-57.12885678578101,0.8619808089733124,11.788865699768067,12.650846519470214
34,-57.74982231905854,0.8679647076129914,10.423441333770752,11.291406040191651
35,-53.14992772998748,0.809425618648529,5.097900180816651,5.907325801849365
36,-50.75045469498524,0.7758513736724854,9.578103160858154,10.353954582214355
37,-61.69425060464442,0.9671096014976501,4.129208202362061,5.096317796707154
38,-66.14731858242021,1.0014247918128967,14.311837024688721,15.313261852264404
39,-49.3984532192026,0.7284823834896088,5.796717643737793,6.525200004577637
40,-62.41681059093049,0.9506494903564453,9.20101282119751,10.151662273406982
41,-67.20134245259389,1.027618795633316,10.106987743377685,11.134606590270996
42,-59.937930825358514,0.9047981011867523,7.897086610794068,8.801884727478027
43,-60.35156912958996,0.9011895561218262,8.181979942321778,9.083169498443603
44,-59.238286300396,0.9001686644554138,6.541805515289306,7.441974182128906
45,-41.496520921999,0.6012137115001679,5.296512298583984,5.897726001739502
46,-64.79948412690193,0.9912572050094605,12.415760173797608,13.407017307281494
47,-59.921935785550815,0.8969542515277863,10.704985256195068,11.601939487457276
48,-56.980176379305526,0.8471427917480469,9.290098667144775,10.137241458892822
49,-59.847516895289914,0.8881944501399994,6.539190950393677,7.427385396957398
50,-60.68948330368928,0.9091402959823608,9.65210699081421,10.561247329711914
51,-59.906667710397336,0.8995613288879395,10.475119953155518,11.37468126296997
52,-72.8495116907287,1.122066080570221,10.907142753601073,12.029208850860595
53,-62.189239372218765,0.935174788236618,6.552404546737671,7.487579364776611
54,-51.09653249156347,0.7566978991031647,3.464022579193115,4.220720500946045
55,-53.74919404493332,0.8011275410652161,5.768314971923828,6.569442520141601
56,-61.00100236652221,0.9297645080089569,5.831319599151612,6.761084108352661
57,-53.45677166718634,0.7908517670631409,6.684211053848267,7.475062818527221
58,-84.05648749677403,1.2824263072013855,12.714562778472901,13.996989059448243
59,-51.333747954310766,0.7359571588039399,5.850334253311157,6.586291399002075
60,-41.84569960368093,0.5729020273685456,4.064397912025452,4.637299966812134
61,-43.344697451300085,0.5889535140991211,5.502127408981323,6.091080942153931
62,-52.88916238231241,0.7420619428157806,8.154207315444946,8.896269283294679
63,-63.55308593350451,0.9509097182750702,4.514032106399537,5.464941816329956
64,-62.330391429569445,0.938131742477417,5.028459253311158,5.96659101486206
65,-55.953638039401625,0.8043141686916351,7.509726047515869,8.314040222167968
66,-50.14271028577875,0.7102407908439636,7.226191053390503,7.936431903839111
67,-50.13936276746633,0.7060232174396515,6.483588209152222,7.1896114158630375
68,-45.895291544452164,0.6471322894096374,4.258793668746948,4.9059259223937985
69,-60.65335731331893,0.8979664075374604,5.981543226242065,6.87950963973999
70,-41.73733880619686,0.569236570596695,3.3122350215911864,3.881471586227417
71,-59.44014989893977,0.8909503209590912,5.1260924148559575,6.017042751312256
72,-51.36060310212247,0.7441051650047302,5.259300594329834,6.003405742645263
73,-63.042139749418084,0.9325161874294281,6.9216392230987545,7.854155340194702
74,-62.177042356468945,0.9341044247150421,6.959676837921142,7.893781280517578
75,-53.80744237341547,0.782906289100647,4.635036678314209,5.417942981719971
76,-77.6388893260073,1.1892829942703247,9.051149082183837,10.240432052612304
77,-68.02463397971971,0.9903913199901581,5.136599416732788,6.126990756988525
78,-61.95846615547042,0.9277080941200256,3.0834937047958375,4.011201806068421
79,-70.19065529051872,1.055525987148285,7.1277835655212405,8.183309555053711
80,-58.100062026604576,0.8225682890415191,5.436381177902222,6.258949460983277
81,-71.33103715175051,1.0787601137161256,5.927736587524414,7.006496706008911
82,-50.292584542996046,0.6895017385482788,4.644754428863525,5.33425615310669
83,-62.912427215726694,0.9079199743270874,8.376453361511231,9.28437334060669
84,-63.2031931452637,0.941017953157425,5.066924638748169,6.007942628860474
85,-71.68500738635282,1.0558342123031617,7.33695837020874,8.392792568206787
86,-52.14148140986957,0.7365042984485626,3.4568335485458372,4.1933378314971925
87,-71.07412951941106,1.0595480227470397,7.455029735565185,8.514577655792236
88,-49.44134637427181,0.6905801212787628,3.8544238996505737,4.545004005432129
89,-67.52116471222288,1.0083154916763306,5.377560291290283,6.385875787734985
90,-58.20427415766049,0.8481947076320648,4.028858485221863,4.87705322265625
91,-52.471012805883866,0.7313852977752685,4.996703329086304,5.728088588714599
92,-69.32724822927796,1.0368284749984742,7.928949184417725,8.96577766418457
93,-57.10979736668922,0.7945281028747558,7.389533433914185,8.184061565399169
94,-57.858808362120726,0.8154412758350372,4.735238094329834,5.5506793403625485
95,-72.98466487952106,1.0798629355430602,7.159788875579834,8.239651794433593
96,-59.12055321605451,0.8443990886211395,5.6188765811920165,6.463275690078735
97,-50.790704040158076,0.6883483242988586,4.388158349990845,5.076506662368774
98,-66.5044278521294,0.9683081173896789,5.585683107376099,6.553991241455078
99,-52.814155069116524,0.7214903831481934,3.4735190773010256,4.195009479522705
100,-58.791251682625656,0.8264097690582275,3.584154748916626,4.410564517974853
101,-58.53637880525177,0.8240004360675812,3.510684995651245,4.334685440063477
102,-46.416492488208135,0.6473542940616608,3.0793015718460084,3.7266558742523195
103,-55.142657861568644,0.7810923886299134,2.9465841960906984,3.727676577568054
104,-60.15225526388902,0.8526768910884858,4.87047251701355,5.723149433135986
105,-55.17620991132435,0.7361239218711852,4.775060186386108,5.511184091567993
106,-50.36526011527073,0.6704730236530304,3.730537214279175,4.401010246276855
107,-62.860023023416296,0.8862959885597229,5.2882319259643555,6.174527902603149
108,-54.00625755378144,0.7425311660766601,2.5415314769744874,3.2840626287460326
109,-50.44012563858341,0.6737673127651215,2.4066409635543824,3.0804082632064818
110,-44.85456123061004,0.5872981858253479,3.088028311729431,3.6753264904022216
111,-51.18814425011968,0.6873515200614929,3.3524418878555298,4.039793395996094
112,-51.44222334020748,0.7037558221817016,3.5280431652069093,4.231798973083496
113,-47.49946408822013,0.6146361052989959,2.39393262386322,3.008568735122681
114,-43.530683988269445,0.5122583979368209,2.29242347240448,2.8046818780899048
115,-57.88684295282715,0.7687121343612671,4.025541839599609,4.794253978729248
116,-47.519115048493006,0.5615551888942718,3.618035945892334,4.17959114074707
117,-53.10877188002897,0.6967161881923676,4.191655521392822,4.888371696472168
118,-49.525112217963375,0.6318834519386292,3.485729846954346,4.117613306045532
119,-35.36273666113822,0.3694780969619751,2.562815856933594,2.932293953895569
120,-43.87816458733266,0.5432878637313843,3.045945477485657,3.5892333459854124
121,-55.49611978198959,0.713134001493454,4.337735748291015,5.050869789123535
122,-35.305532292497446,0.37106968462467194,1.856547453403473,2.227617130279541
123,-49.09739340512769,0.6308983767032623,3.2180167055130005,3.8489151000976562
124,-47.65399863063236,0.3947135102748871,3.27003324508667,3.66474675655365
125,-55.662291190831766,0.7377019894123077,3.346753115653992,4.084455103874206
126,-55.563880061626215,0.7324501752853394,3.150650839805603,3.883101019859314
127,-44.72629975256007,0.5076055473089218,2.3153278684616088,2.822933397293091
128,-51.07566080381417,0.6066770315170288,2.5462439346313475,3.152920961380005
129,-53.668440046704006,0.6864731943607331,3.8895391702651976,4.576012344360351
130,-42.82674625169006,0.466944665312767,2.141330795288086,2.6082754516601563
131,-39.309950598595606,0.44082433998584747,1.8735755252838135,2.3143998622894286
132,-54.16115367674887,0.7039440727233887,3.2243040370941163,3.9282481050491334
133,-50.85167258145334,0.6289494156837463,2.804574480056763,3.4335238838195803
134,-40.07143483463693,0.4560176354646683,2.2164573097229003,2.672474946975708
135,-42.97067917670567,0.4899426740407944,1.846001193523407,2.3359438514709474
136,-53.77373368179137,0.6747749447822571,3.035314927101135,3.71008985042572
137,-47.01545907807737,0.5643636155128479,1.9376770210266114,2.502040638923645
138,-53.850019485630604,0.6506036126613617,1.9989167952537537,2.6495203971862793
139,-49.72045954643217,0.4754405760765076,3.1772554969787596,3.65269606590271
140,-47.21757820529065,0.6123117172718048,3.0541103887557983,3.666422109603882
141,-50.575159907216985,0.6656044471263886,1.755917432308197,2.4215218782424928
142,-52.75796446082656,0.6851245415210724,2.0418977117538453,2.727022256851196
143,-53.75518053423324,0.7366664111614227,2.0278378534317016,2.764504270553589
144,-50.97556827546322,0.6368540465831757,1.9353634762763976,2.5722175312042235
145,-43.34561023549459,0.5142227047681809,2.8857266235351564,3.399949326515198
146,-36.463627759401895,0.3968235987424851,1.6133985066413878,2.0102220964431763
147,-47.93035066804363,0.5815959870815277,2.362891936302185,2.9444879293441772
148,-35.06672231418155,0.34368388235569003,1.4788692569732667,1.8225531458854676
149,-46.95036115170036,0.49777173399925234,2.2937821626663206,2.7915538930892945
150,-45.59823707798401,0.5235203027725219,1.7113387775421143,2.2348590898513794
151,-41.55689646799385,0.4171891087293625,1.6335324573516845,2.0507215547561644
152,-56.20794369388743,0.6557050800323486,2.1642459440231323,2.8199510049819945
153,-55.02218989907709,0.666736569404602,2.583254380226135,3.2499909353256227
154,-51.356816059574484,0.5766902351379395,2.017833135128021,2.59452338218689
155,-44.153777609024736,0.43909191846847534,1.9118557620048522,2.350947675704956
156,-41.96262455575254,0.42160804152488707,1.6656499981880188,2.0872580361366273
157,-41.6968791197272,0.3903630614280701,1.6318336963653564,2.0221967577934263
158,-43.42964515759972,0.4207401257753372,1.5238464784622192,1.9445866084098815
159,-52.55775904864692,0.5742930328845978,1.6236700320243835,2.197963066101074
160,-45.38107069261538,0.44105946481227876,1.505205364227295,1.9462648248672485
161,-53.92782326110819,0.583519675731659,1.423657274246216,2.007176947593689
162,-49.37748875182287,0.5108185625076294,2.0259796738624574,2.5367982387542725
163,-38.29871696026422,0.3016323345899582,1.301793668270111,1.603426010608673
164,-36.345515817082415,0.23864144414663316,1.510986976623535,1.7496284198760987
165,-41.88863885488959,0.3231812298297882,1.2794420075416566,1.602623233795166
166,-45.898699207434824,0.3678337115049362,2.0283327507972717,2.3961664485931395
167,-39.261630842632115,0.2618461626768112,1.3316932725906372,1.593539435863495
168,-52.77125543020283,0.48945541262626646,1.5482624173164368,2.037717819213867
169,-58.52111432966265,0.5599170005321503,2.953634719848633,3.5135517072677613
170,-46.523584615202644,0.3700988829135895,1.934605185985565,2.304704074859619
171,-39.841481533960796,0.2413705137372017,1.4115111970901488,1.6528817081451417
172,-40.834496252213526,0.2530024960637093,1.9069453811645507,2.159947881698608
173,-38.11792614483575,0.2586902233958244,1.337582323551178,1.5962725520133971
174,-45.070480701298415,0.3565094029903412,1.439300446510315,1.7958098483085632
175,-45.448449777808165,0.3902701288461685,1.7914038109779358,2.1816739416122437
176,-53.56410045921359,0.48198542356491086,1.6701508712768556,2.1521362972259523
177,-44.840511820112425,0.3202666664123535,1.6648470854759216,1.9851137447357177
178,-49.96097581474389,0.39297438502311705,1.8451175022125244,2.2380918884277343
179,-43.22711889182817,0.3061284977197647,1.118116431236267,1.4242449331283569
180,-34.90731525382837,0.12029701486229896,1.4253130173683166,1.545610032081604
181,-44.66753882455072,0.27653627932071684,1.9078761672973632,2.184412441253662
182,-42.17429067854876,0.2884870392084122,1.1381638026237488,1.4266508436203003
183,-50.00272863921195,0.47061139047145845,1.227731945514679,1.6983433485031127
184,-58.41924401625015,0.5367788386344909,2.6556723356246947,3.1924511766433716
185,-39.0816260315526,0.22851838797330856,1.3119700503349305,1.540488440990448
186,-53.44690865007581,0.44005831360816955,1.304848940372467,1.7449072575569153
187,-38.53691254047462,0.20650926887989043,1.3830218935012817,1.5895311617851258
188,-41.74338623805662,0.26593617171049116,1.1445678269863129,1.410504002571106
189,-44.56574090158482,0.28879123806953433,1.3471052646636963,1.6358965039253235
190,-47.54211683073336,0.35515210568904876,1.4069609189033507,1.7621130180358886
191,-38.352180327912315,0.12070178270339965,1.1831031703948975,1.3038049507141114
192,-42.96096806804939,0.2828051191568375,1.190243842601776,1.4730489611625672
193,-36.609811903104486,0.17866376727819444,1.2693802833557128,1.4480440568923951
194,-37.59672503970131,0.18201853096485138,1.175587649345398,1.357606177330017
195,-33.90690549347898,0.08569556102156639,1.5949342346191406,1.6806297993659973
196,-50.45797445204367,0.42672458827495574,1.266821255683899,1.6935458445549012
197,-40.28037077072518,0.24428003609180451,1.4939934349060058,1.7382734632492065
198,-36.88945979428112,0.14225813686847688,1.5409911584854126,1.683249294757843
199,-48.18931784258612,0.34503321707248685,1.4249647808074952,1.7699980068206786
200,-40.02593099708764,0.2174966514110565,1.3971972393989562,1.6146938872337342
201,-41.72252661194527,0.24931153237819673,1.1268795108795167,1.3761910438537597
202,-29.488636847647843,0.025801725164055826,1.9591476845741271,1.9849494123458862
203,-60.23882398611124,0.5819776403903961,1.906769585609436,2.4887472200393677
204,-42.534763984064554,0.29301198303699494,1.0619892919063567,1.3550012660026551
205,-46.26350661756017,0.36266070783138277,1.337461051940918,1.7001217603683472
206,-53.473915559227535,0.4309684407711029,1.3962387943267822,1.8272072315216064
207,-49.14706229049699,0.4055714398622513,1.257541172504425,1.6631126189231873
208,-46.76760357419564,0.3334562039375305,1.352048635482788,1.685504834651947
209,-39.78557541703781,0.2093171462416649,1.5595724487304687,1.7688895916938783
210,-42.18594803508627,0.22929550766944884,1.7740621519088746,2.003357663154602
211,-45.35807726785072,0.278261576294899,1.050446093082428,1.3287076759338379
212,-39.454855053478596,0.16478589922189713,1.4170658898353576,1.5818517899513245
213,-47.88539903917924,0.2804746371507645,1.8215633893013001,2.102038025856018
214,-46.28012348563528,0.32036464512348173,1.1632175040245056,1.483582148551941
215,-50.22890715406402,0.3532054835557938,1.5227861571311951,1.875991632938385
216,-43.05114631815877,0.21079339265823363,1.7246036672592162,1.93539705991745
217,-41.64006736398891,0.1746176651120186,1.0941991221904754,1.268816783428192
218,-55.77280834215612,0.4106085383892059,1.2134738159179688,1.6240823578834533
219,-37.25707593272247,0.08670288488268853,1.7536796092987061,1.8403824973106384
220,-34.536537543519536,0.02810635346919298,1.8714503359794616,1.8995566868782043
221,-49.52896578355999,0.30177334606647493,1.5443859553337098,1.8461592984199524
222,-46.71291563222781,0.15768468469381333,1.6777227187156678,1.835407407283783
223,-42.555245980413304,0.1122624696791172,1.510012412071228,1.6222748780250549
224,-38.056869687873075,0.031417850647121666,1.7729625225067138,1.804380373954773
225,-41.09215115284064,0.11557151675224304,1.0683773756027222,1.1839489018917084
226,-45.076723408689865,0.15825395673513412,1.7113214325904846,1.8695754051208495
227,-29.028364956910096,-0.16836809888482093,2.73050350189209,2.562135396003723
228,-43.14308234704164,0.11221571281552314,1.4130987691879273,1.5253144884109497
229,-45.947184850111896,0.17958910137414932,1.2628028631210326,1.442391972541809
230,-44.96980827702222,0.13212263509631156,1.4440627551078797,1.5761853861808777
231,-40.49849886904064,0.02022771367803216,0.9908015060424805,1.0110292184352874
232,-42.40409364176324,0.07636197060346603,1.4697015810012817,1.5460635423660278
233,-40.89541252316397,0.052598940953612325,1.3590476298332215,1.411646568775177
234,-45.46304605033106,0.1328780497610569,1.243394546508789,1.376272599697113
235,-40.54101873604107,0.04744209360331297,1.3906226348876953,1.438064730167389
236,-43.530309151475336,0.09840855658054352,1.6330331206321715,1.7314416790008544
237,-46.42102886924333,0.14768850088119506,1.3598710250854493,1.5075595259666443
238,-45.32504355534827,0.08678300976753235,1.1923768436908722,1.2791598534584045
239,-48.65159705746739,0.16873337775468827,1.9385742163658142,2.1073075914382935
240,-40.66251145017881,0.0055436375105637125,1.7337822771072389,1.7393259143829345
241,-49.93451282928211,0.16579779893159866,1.8150982880592346,1.9808960914611817
242,-40.06869024560234,-0.023401730433688497,0.9113529360294342,0.8879512012004852
243,-48.031976394352824,0.1306474104523659,1.3526997065544129,1.4833471202850341
244,-40.987814062821144,-0.018772093395236878,2.5445590925216677,2.5257869958877563
245,-52.0061483414455,0.22050283312797547,1.484892566204071,1.7053954076766968
246,-34.577477646388076,-0.12844309017062186,1.507235209941864,1.3787921142578126
247,-51.736077047171506,0.1685313853621483,1.7164087080955506,1.8849400877952576
248,-46.06344531692031,0.10900339692831039,1.2076652765274047,1.3166686725616454
249,-51.161777065626964,0.17931649059057236,1.1669859290122986,1.3463024258613587
250,-40.68581642383658,-0.015029498622752727,1.1735837471485138,1.1585542464256287
251,-39.43269661724811,-0.02535344482283108,1.8555333399772644,1.830179889202118
252,-43.48118444555789,0.036760596595704555,1.5680686378479003,1.6048292326927185
253,-46.035013116676524,0.08733784735202789,1.8051295280456543,1.8924673700332642
254,-43.31108605137869,0.03331690674647689,1.1507407176494597,1.184057629108429
255,-50.5029901559098,0.14979095339775086,2.158330748081207,2.308121681213379
256,-56.81220392244232,0.2081071174144745,1.2552073407173157,1.4633144593238832
257,-45.3151426368067,0.01775914056110196,1.3790169906616212,1.3967761254310609
258,-52.255908520699734,0.15067707300186156,1.2991818165779114,1.4498588943481445
259,-40.395600908639324,-0.09747876532375813,2.483083972930908,2.385605216026306
260,-44.35878570624989,-0.0034070026356494056,1.2137409353256225,1.2103339290618897
261,-54.190002439561674,0.1685502016544342,1.326417670249939,1.4949678778648376
262,-52.173357873836274,0.13858843982219696,2.03011958360672,2.168708016872406
263,-44.797513118279696,-0.03988829704001546,2.235176196098328,2.1952879095077513
264,-43.39438955633833,-0.024941415867069737,1.4881550431251527,1.463213620185852
265,-44.28679166696389,-0.024482318935915827,1.8741136050224305,1.8496312808990478
266,-38.48537714154343,-0.15439799472689628,2.0932534766197204,1.9388554859161378
267,-32.09995408919537,-0.23008234292268753,2.26532142162323,2.0352390742301942
268,-46.23319798008269,0.01270954717450877,1.6080729579925537,1.6207824921607972
269,-43.64110817717628,-0.045384728644276034,1.7877033042907715,1.7423185682296753
270,-48.84858601246556,0.02402558381203562,1.9150889253616332,1.9391145133972167
271,-49.01393019842723,0.038259011209011075,1.9942168402671814,2.0324758458137513
272,-48.79901813925906,0.03916973635554313,1.60220223903656,1.6413719725608826
273,-52.382625785704676,0.02971201466396451,2.0961067724227904,2.1258187985420225
274,-47.52470897007307,-0.019401982969066013,2.277749066352844,2.2583470916748047
275,-49.406929334090606,0.035626242011785506,1.667317807674408,1.7029440522193908
276,-42.06664903903213,-0.0946876759827137,1.516664662361145,1.4219769835472107
277,-42.87787164217558,-0.07405358342453837,2.6888653802871705,2.6148117876052854
278,-44.91166744454106,-0.03637851857114583,1.847635769844055,1.8112572479248046
279,-49.40354904518538,-7.604946033097804e-05,2.401360101699829,2.4012840604782104
280,-39.4277185907001,-0.1126334622502327,1.2882193112373352,1.1755858516693116
281,-46.61256209005241,-0.02707540743809659,1.507794382572174,1.4807189631462097
282,-57.04067643691937,0.14285494908690452,1.6312384462356568,1.7740933966636658
283,-35.66781746433074,-0.23543985724449157,2.1972283577919005,1.961788501739502
284,-53.70229047138022,0.03734515599906445,1.8812002062797546,1.9185453629493714
285,-39.93304108997714,-0.14470937788486482,1.5565643739700317,1.4118549942970275
286,-62.42134270407951,0.1875732895731926,1.9900691270828248,2.1776423931121824
287,-61.74704414362404,0.25429660081863403,1.2515817046165467,1.5058782958984376
288,-59.22583092683223,0.1603495681285858,2.6110584354400634,2.7714079999923706
289,-56.227388651695605,0.09407919377088547,2.325732879638672,2.419812088012695
290,-52.36270363856217,0.05630285628139973,2.4084982585906984,2.4648011112213135
0,-81.65174545846075,1.4252189350128175,8.28646577835083,9.711684761047364
1,-63.405306196671404,1.115865490436554,4.234679555892944,5.350545015335083
2,-58.50298951535765,0.9979356622695923,7.384394721984863,8.38233030319214
3,-46.78726733546657,0.8189348506927491,4.630046224594116,5.4489810752868655
4,-50.92899465230743,0.8594076299667358,5.1758992385864255,6.035306835174561
5,-64.44387808938819,1.1176035451889037,6.873277530670166,7.990881042480469
6,-64.0032975270372,1.1050645565986634,6.687805862426758,7.792870426177979
0,-81.65174545846075,1.4252189350128175,8.28646577835083,9.711684761047364
0,-81.65174545846075,1.4252189350128175,8.28646577835083,9.711684761047364
1,-63.405306196671404,1.115865490436554,4.234679555892944,5.350545015335083
2,-58.50298951535765,0.9979356622695923,7.384394721984863,8.38233030319214
3,-46.78726733546657,0.8189348506927491,4.630046224594116,5.4489810752868655
4,-50.92899465230743,0.8594076299667358,5.1758992385864255,6.035306835174561
5,-64.44387808938819,1.1176035451889037,6.873277530670166,7.990881042480469
6,-64.0032975270372,1.1050645565986634,6.687805862426758,7.792870426177979
7,-39.24980092945262,0.6331371748447419,6.760038499832153,7.393175668716431
8,-67.5564837176419,1.1561752843856812,5.4647525119781495,6.620927829742431
9,-76.61484650338298,1.320237762928009,8.011602602005006,9.331840362548828
10,-46.964007460766254,0.7962038159370423,3.864308180809021,4.660512037277222
11,-30.646049226000386,0.505047407746315,3.823902759552002,4.328950185775756
12,-32.450539615979096,0.5297060894966126,7.1479799175262455,7.677685995101928
13,-43.46303764881518,0.6994743132591248,7.6934048938751225,8.392879199981689
14,-93.9123633878564,1.6247247505187987,7.56309928894043,9.187824039459228
15,-45.130105391805216,0.7493500900268555,5.284828052520752,6.034178142547607
16,-74.53784476499138,1.2479341506958008,7.444904699325561,8.692838859558105
0,-81.65174545846075,1.4252189350128175,8.28646577835083,9.711684761047364
1,-63.405306196671404,1.115865490436554,4.234679555892944,5.350545015335083
2,-58.50298951535765,0.9979356622695923,7.384394721984863,8.38233030319214
3,-46.78726733546657,0.8189348506927491,4.630046224594116,5.4489810752868655
4,-50.92899465230743,0.8594076299667358,5.1758992385864255,6.035306835174561
5,-64.44387808938819,1.1176035451889037,6.873277530670166,7.990881042480469
6,-64.0032975270372,1.1050645565986634,6.687805862426758,7.792870426177979
7,-39.24980092945262,0.6331371748447419,6.760038499832153,7.393175668716431
8,-67.5564837176419,1.1561752843856812,5.4647525119781495,6.620927829742431
9,-76.61484650338298,1.320237762928009,8.011602602005006,9.331840362548828
