episode,episode_reward,p_loss,v_loss,t_loss
0,-92.44047710827056,0.5754631340503693,2.5361602306365967,1.2095031976699828
1,-202.86763039922755,1.3044914603233337,4.19305419921875,2.3527550220489504
2,-187.16640061014,1.308913767337799,4.090853214263916,2.331627058982849
3,-177.96486497760736,1.288218367099762,4.056363105773926,2.3023091554641724
4,-176.77902773872995,1.2820770263671875,4.118627071380615,2.3117338180541993
5,-193.2640156086091,1.3529268622398376,4.17866325378418,2.3975926876068114
6,-172.0231575983684,1.2335048079490663,3.9815258979797363,2.228886270523071
7,-155.65239630706674,1.122521412372589,3.9698781967163086,2.114990997314453
8,-128.64017445115041,0.9892124116420746,3.5596914291381836,1.879135286808014
9,-134.8111442857127,0.9703698813915252,3.109386444091797,1.747716498374939
10,-107.14458955253893,0.8644314706325531,2.9045889377593994,1.5905786991119384
11,-127.67595044660786,0.947013795375824,2.9666569232940674,1.688678014278412
12,-128.32104742571735,1.0398715376853942,3.8781142234802246,2.0094001054763795
13,-132.66766064062244,0.9702638685703278,3.4570324420928955,1.834521973133087
14,-128.93230484069488,0.851699811220169,3.577388286590576,1.7460468649864196
0,-48.26211336890896,0.1900784596800804,314.21514892578125,78.74386520385742
1,-76.5354728101571,0.586731207370758,781.1712646484375,195.87954559326172
2,-89.43305134882877,0.5489130675792694,935.9103393554688,234.52649536132813
3,-97.07534516626961,0.5640884339809418,1135.646240234375,284.47565307617185
4,-49.712389515099396,0.08495141938328743,464.6759948730469,116.25394897460937
5,-45.40931479054207,0.2846925169229507,291.99365234375,73.28310546875
6,-60.739580204411865,0.42711675763130186,377.1161193847656,94.70614471435547
7,-68.08068334296047,0.41712413132190707,757.291748046875,189.74006042480468
8,-60.39525279888693,0.3075524210929871,442.5946044921875,110.95620422363281
9,-54.85364740748027,0.30817042887210844,347.20068359375,87.10834274291992
10,-69.69076043878067,0.39558384418487547,654.6155395507812,164.04946594238282
11,-76.77577205594395,0.49344163537025454,799.1920166015625,200.29144439697265
12,-91.89436730072059,0.5639261543750763,1023.7554321289062,256.50278930664064
0,-74.4292605333538,1.3224690794944762,7.864203357696534,9.186672496795655
1,-73.40556462782611,1.310530686378479,8.769718074798584,10.080248832702637
2,-56.121522978318886,1.003727102279663,5.465259695053101,6.468986701965332
3,-41.297400476527756,0.7356049418449402,8.967803001403809,9.703407859802246
4,-69.49549990969932,1.2370904207229614,8.261679458618165,9.498769855499267
5,-66.08398226014386,1.1743969917297363,10.726829242706298,11.901226234436034
6,-89.76693469547733,1.5948988199234009,9.881556510925293,11.4764554977417
7,-72.10035249922407,1.2769409537315368,10.062479019165039,11.339419841766357
8,-69.44966452958666,1.232352328300476,10.499755001068115,11.732107162475586
9,-37.77271137777721,0.6659541249275207,6.596524906158447,7.262479019165039
10,-63.28629662807528,1.1226408720016479,8.267148494720459,9.389789295196532
11,-47.811980235911854,0.8403216183185578,8.577385234832764,9.417706871032715
12,-45.358384501946475,0.8062523305416107,7.4080002784729,8.214252471923828
13,-46.78137744338784,0.8248266339302063,8.30847110748291,9.13329782485962
14,-29.81358769289142,0.5263929665088654,6.109751033782959,6.636143970489502
15,-71.32844216938278,1.2618155479431152,8.798892402648926,10.060708045959473
16,-50.22178761540785,0.89353728890419,6.028044414520264,6.921581745147705
17,-80.54726027748127,1.4303575038909913,8.673438262939452,10.103795719146728
18,-52.57147942790204,0.935716736316681,6.970946979522705,7.9066637516021725
19,-65.60198665336148,1.1672046661376954,6.736416149139404,7.903620815277099
20,-57.78556734244354,1.0273601055145263,8.79053544998169,9.8178955078125
21,-43.46387753180548,0.7745866179466248,6.616634798049927,7.391221380233764
22,-56.31371745842827,1.0005007326602935,5.954222917556763,6.954723691940307
23,-72.92121358753613,1.2958619952201844,10.734632015228271,12.030494022369385
24,-74.25720285887343,1.3166951894760133,11.659785079956055,12.976480197906493
25,-47.680649470635885,0.848561143875122,7.7219139575958256,8.570475101470947
26,-55.82264190200088,0.9912075638771057,5.66364688873291,6.654854440689087
27,-56.363446098058645,0.9973167538642883,6.574204683303833,7.571521377563476
28,-58.492465769290085,1.035276961326599,9.1454927444458,10.180769729614259
29,-37.962871194425944,0.6702829599380493,7.113908004760742,7.784190988540649
30,-68.49653792418795,1.2156682848930358,6.506429862976074,7.722098159790039
31,-60.62731737715944,1.074616253376007,6.913180923461914,7.987797117233276
32,-65.59717063569636,1.159439253807068,7.913108777999878,9.072548007965088
33,-42.631266844842656,0.7510762512683868,6.175029325485229,6.926105499267578
34,-53.70734734202628,0.9549125552177429,8.324937057495116,9.279849624633789
35,-63.65877894036879,1.1295011281967162,5.053374195098877,6.182875299453736
36,-46.63380688799977,0.8243843495845795,5.620706176757812,6.445090579986572
37,-71.7108674592043,1.2710553765296937,8.5458514213562,9.816907024383545
38,-32.385920388968074,0.5687833547592163,6.300449562072754,6.869232892990112
39,-49.140607154523764,0.870178085565567,8.434294605255127,9.304472827911377
40,-30.06283139703993,0.5200375139713287,5.789673089981079,6.309710693359375
41,-40.73957675533618,0.7178982496261597,5.267453813552857,5.985352039337158
42,-38.91575168457383,0.6893000483512879,4.590136337280273,5.27943639755249
43,-46.38828806757316,0.8200586497783661,4.504904651641846,5.3249632835388185
44,-22.035121635431274,0.38460974097251893,3.765417289733887,4.150027084350586
45,-58.71048824489661,1.0379916906356812,6.50670976638794,7.544701433181762
46,-41.81894550033789,0.7409102141857147,5.251698017120361,5.992608165740966
47,-51.860941066453066,0.9068007886409759,7.122723197937011,8.029524040222167
48,-41.44035236342526,0.7279426872730255,4.699602127075195,5.427544784545899
49,-45.30503964513413,0.794274628162384,4.854949331283569,5.649223947525025
50,-32.986198345405995,0.5736084043979645,4.787646293640137,5.361254692077637
51,-34.07687166103267,0.5911027073860169,4.024881649017334,4.615984344482422
52,-47.00558897284464,0.8290824174880982,8.32554874420166,9.154631233215332
53,-47.300981627754275,0.8221060156822204,6.115352725982666,6.9374587059021
54,-32.532778645248136,0.5640378713607788,5.782022333145141,6.346060180664063
55,-33.86892822365262,0.5835760712623597,5.811092948913574,6.394669008255005
56,-32.60953299341287,0.5679002046585083,4.75730333328247,5.325203561782837
57,-27.27094549667493,0.47670906186103823,3.297168564796448,3.7738776445388793
58,-46.40933443237718,0.8142393231391907,8.272187805175781,9.086427021026612
59,-46.35751803935261,0.8122429013252258,6.298454141616821,7.110697031021118
60,-52.31170241575445,0.916985148191452,5.454617309570312,6.3716024398803714
61,-30.66164340722264,0.5312186062335968,4.708476543426514,5.2396951675415036
62,-36.299514236991435,0.6323411643505097,4.474085521697998,5.10642671585083
63,-34.61223053083808,0.601181584596634,9.3624342918396,9.963615989685058
64,-40.27600002924883,0.7041590631008148,4.104236268997193,4.808395338058472
65,-41.095715159491704,0.7219969987869262,4.966222143173217,5.688219213485718
66,-48.27708925060234,0.8452627539634705,5.415158796310425,6.260421562194824
67,-38.217036030932974,0.6513946235179902,5.882936286926269,6.534330940246582
68,-44.12900029677937,0.7705477178096771,5.03842978477478,5.808977460861206
69,-57.89384851258548,1.016052508354187,5.192656183242798,6.208708715438843
70,-39.547816388088194,0.6914566636085511,7.139845466613769,7.831302213668823
71,-47.61529929816393,0.8345014452934265,7.362428092956543,8.196929550170898
72,-42.15411006705794,0.7246109843254089,7.963079643249512,8.687690734863281
73,-29.07562508166109,0.503815421462059,5.268076848983765,5.771892261505127
74,-39.42118649566241,0.678515636920929,7.214943313598633,7.893458890914917
75,-34.5486957433329,0.6007737636566162,5.758458948135376,6.359232711791992
76,-56.196577888973266,0.9730784296989441,8.052857303619385,9.025935649871826
77,-87.65841560519985,1.5304317831993104,13.524943161010743,15.055374813079833
78,-66.02225479223083,1.1460190892219544,9.436002922058105,10.582022094726563
79,-31.999217807314885,0.5486892223358154,9.701019859313964,10.249709033966065
80,-42.570437149834426,0.7464263796806335,5.710486221313476,6.456912565231323
81,-33.90998637573665,0.5893329858779908,5.009915924072265,5.599248933792114
82,-47.356076189111654,0.823393028974533,5.806866884231567,6.630259799957275
83,-45.9715585555945,0.7958638548851014,9.602640056610108,10.39850378036499
84,-67.60247548663651,1.1875031232833861,7.306281089782715,8.493784141540527
85,-29.418363072304693,0.5017434984445572,5.465005350112915,5.966748762130737
86,-28.0750479501898,0.47787483036518097,4.0534523010253904,4.531327199935913
87,-42.069589729153826,0.7340464293956757,7.839801883697509,8.573848152160645
88,-41.31421128780237,0.7156275451183319,7.995549297332763,8.71117696762085
89,-46.03103971713692,0.8056272149085999,8.519149208068848,9.324776363372802
90,-62.301861803426426,1.0919634461402894,8.059099864959716,9.151063251495362
91,-40.5816714361504,0.6968425750732422,4.377668190002441,5.074510765075684
92,-24.575433689301978,0.42059509456157684,5.232982778549195,5.653577899932861
93,-45.89061595416902,0.7999757826328278,6.398235654830932,7.198211431503296
94,-53.11830058895124,0.928191089630127,4.206137037277221,5.134328174591064
95,-43.46057385816421,0.7564489841461182,6.302324628829956,7.058773565292358
96,-30.72864900251755,0.5307143688201904,4.344639492034912,4.875353908538818
97,-37.681015185999044,0.653218537569046,4.751684188842773,5.404902696609497
98,-43.04807655321725,0.7387904524803162,4.407073926925659,5.145864343643188
99,-28.169473156242518,0.48457019329071044,4.3348063945770265,4.819376611709595
100,-34.702858810901645,0.5992932796478272,4.3718590259552,4.971152305603027
101,-36.07354991008421,0.619507086277008,6.391410398483276,7.010917472839355
102,-47.16893831673502,0.8180081963539123,5.880128526687622,6.6981367588043215
103,-38.05026347769195,0.65810506939888,5.405100154876709,6.063205194473267
104,-67.26473342914458,1.180862545967102,10.212575149536132,11.393437576293945
105,-42.02995003985485,0.7211293876171112,5.712306833267212,6.433436155319214
106,-42.711036112944285,0.7336870968341828,5.810758638381958,6.54444580078125
107,-44.97694491796722,0.771510636806488,6.073546934127807,6.845057535171509
108,-41.64735492751187,0.7207887232303619,5.818324756622315,6.539113473892212
109,-52.1142707756609,0.902353847026825,7.287604284286499,8.189958000183106
110,-37.49997184719042,0.644116097688675,6.1202630519866945,6.764379167556763
111,-40.46856673123505,0.6971624672412873,5.945375919342041,6.642538452148438
112,-37.63258885078656,0.6444335401058197,6.963885736465454,7.608319330215454
113,-39.66290049663937,0.6847075700759888,4.943754243850708,5.628461837768555
114,-45.32121386554259,0.7806221783161164,7.354245948791504,8.134868049621582
115,-58.770116342829084,1.0155418157577514,8.519251155853272,9.53479290008545
116,-54.51038583075619,0.9381146192550659,7.377661275863647,8.315775871276855
117,-48.301661141616265,0.8378631472587585,10.113144207000733,10.951007270812989
118,-43.295754370405305,0.7424394369125367,6.794152927398682,7.536592483520508
119,-43.821439394880386,0.7504408597946167,4.851300382614136,5.6017412662506105
120,-30.171417708561513,0.5142594993114471,5.069971799850464,5.584231281280518
121,-43.81649804400874,0.7589506089687348,6.96641526222229,7.725365877151489
122,-35.037233842711,0.599090301990509,3.810516595840454,4.409606885910034
123,-39.4737974637168,0.6742806673049927,3.9996335029602053,4.673914051055908
124,-46.567083769550656,0.7973726868629456,7.794531679153442,8.591904354095458
125,-49.93114663716578,0.8611445784568786,5.811183071136474,6.672327613830566
126,-45.76194020340705,0.7848761081695557,6.917687129974365,7.702563333511352
127,-41.21751049932536,0.7012535393238067,6.182676124572754,6.883929634094239
128,-39.68410661045586,0.6847985208034515,9.151216506958008,9.836014938354491
129,-35.06978506216451,0.5957938253879547,4.139011096954346,4.73480486869812
130,-42.55709370124872,0.7334859848022461,10.563161277770996,11.296647071838379
131,-40.35897639171665,0.683505403995514,8.72874116897583,9.412246417999267
132,-63.695027908875815,1.1034508347511292,9.426170063018798,10.529620933532716
133,-53.97729763707203,0.9374474167823792,8.5059739112854,9.443421554565429
134,-51.82303856160794,0.8968066990375518,6.817485570907593,7.714292287826538
135,-37.53274089121098,0.637292206287384,3.919634294509888,4.556926441192627
136,-31.931146993926504,0.5439706265926361,5.915022182464599,6.4589928150177
137,-45.98592548451823,0.7914121210575104,6.269396066665649,7.060808181762695
138,-58.38296590759471,0.9966597855091095,9.237127113342286,10.233786869049073
139,-51.05115038964254,0.8804979145526886,8.06623706817627,8.946735000610351
140,-50.0326181157554,0.8571497738361359,4.528472423553467,5.385622119903564
141,-50.087574168262186,0.8582793056964875,9.652525997161865,10.510805225372314
142,-64.69122031232232,1.1199223756790162,7.843591833114624,8.963514137268067
143,-41.217525330351435,0.6962127029895783,4.588357019424438,5.2845696926116945
144,-47.41580448652085,0.8131438732147217,4.339245748519898,5.152389574050903
145,-51.09410678509895,0.8782411396503449,7.32132511138916,8.199566173553468
146,-53.50628953153538,0.9249221920967102,6.612468528747558,7.5373907566070555
147,-57.74629497959464,0.996806800365448,6.126012706756592,7.122819519042968
148,-52.224415042031495,0.8936355888843537,7.318007135391236,8.211642646789551
149,-53.41594549430795,0.9237079322338104,8.218087100982666,9.14179515838623
150,-42.86044859415102,0.7220194101333618,6.451474285125732,7.173493671417236
151,-61.530858601225106,1.060556709766388,7.896644258499146,8.957200908660889
152,-58.79010225407133,1.0186821222305298,6.6499639511108395,7.668646001815796
153,-62.370926259877905,1.0679898500442504,8.182349491119385,9.250339317321778
154,-71.16989041247989,1.2256202459335328,5.426742315292358,6.652362537384033
155,-37.71277236228208,0.6377639889717102,3.374492907524109,4.012256932258606
156,-43.0523929634866,0.7316813111305237,4.7803504943847654,5.512031888961792
157,-56.168151751946546,0.9702743411064148,9.058837127685546,10.02911148071289
158,-69.55760512165783,1.2037451148033143,15.016272926330567,16.22001781463623
159,-43.13037355473047,0.7374870300292968,4.322809457778931,5.060296440124512
160,-51.28221215827468,0.8821916162967682,9.711591720581055,10.593783378601074
161,-50.56486097922995,0.8699909806251526,6.160006904602051,7.029997825622559
162,-52.69581449286488,0.8825153946876526,7.112012958526611,7.994528341293335
163,-54.29176898745507,0.9368006885051727,8.023024940490723,8.959825611114502
164,-54.136218499192935,0.9311126828193664,6.413817501068115,7.344930171966553
165,-51.5316224696584,0.8833802998065948,6.8611266136169435,7.744506978988648
166,-54.42723251057495,0.9379963755607605,6.824732303619385,7.762728643417359
167,-57.54924628825048,0.9827411472797394,4.912236261367798,5.894977474212647
168,-61.328299129955724,1.0559669017791748,8.297793865203857,9.353760814666748
169,-57.593514456488435,0.9921952605247497,8.72638168334961,9.718576908111572
170,-60.38420927794543,1.043056058883667,5.7279163837432865,6.770972394943238
171,-60.27148929153442,1.0318145751953125,7.594135904312134,8.62595043182373
172,-51.14675187365138,0.8748320281505585,5.88678388595581,6.761615896224976
173,-65.3192705108635,1.1303738594055175,10.864861488342285,11.995235443115234
174,-53.06894960342902,0.9136628210544586,6.589248752593994,7.502911567687988
175,-55.60214501556116,0.9410485208034516,7.580310440063476,8.521358871459961
176,-58.25956473702553,1.0021054685115813,8.801345062255859,9.803450584411621
177,-47.31777163356644,0.8075557708740234,5.909506130218506,6.71706190109253
178,-61.13006431974584,1.049216079711914,6.5969959735870365,7.646212100982666
179,-57.38811915140087,0.9859800696372986,5.917816019058227,6.903796100616455
180,-59.57652483855891,1.0240070700645447,9.65619592666626,10.680202960968018
181,-65.27416678301594,1.127177608013153,9.074572944641114,10.201750755310059
182,-53.28859493176371,0.9130686759948731,4.734210777282715,5.647279453277588
183,-46.13155792998825,0.7804441332817078,4.9508452892303465,5.731289482116699
184,-66.763411054633,1.1450144410133363,8.731857299804688,9.876871871948243
185,-53.427217229799226,0.9161263048648834,5.2437385559082035,6.159864902496338
186,-63.7708026432324,1.0941635727882386,7.303769779205322,8.397933292388917
187,-63.896808037986744,1.1021870732307435,10.934801769256591,12.036988925933837
188,-49.97109461410881,0.8441413342952728,4.929655075073242,5.773796415328979
189,-49.523604102275996,0.8454693734645844,4.991175127029419,5.836644554138184
190,-57.26856140106266,0.9795135617256164,7.038366413116455,8.017879915237426
191,-63.37743687086124,1.0895403504371644,7.209465360641479,8.299005794525147
192,-57.58956372628887,0.9815219104290008,6.938254308700562,7.919776153564453
193,-52.92684392344964,0.899503356218338,5.771123743057251,6.670627117156982
194,-65.08220523946237,1.1220195531845092,16.438376426696777,17.560395812988283
195,-43.01834102955906,0.7281372547149658,3.2689082622528076,3.9970454931259156
196,-65.4969854305402,1.1290281772613526,8.136831760406494,9.265859985351563
197,-63.17380036008047,1.0827770233154297,9.852571105957031,10.93534803390503
198,-58.22586669494325,0.9999996960163117,5.016236686706543,6.016236305236816
199,-62.05647000224554,1.0610809326171875,7.577392816543579,8.638473796844483
200,-68.87023534680645,1.1858664631843567,8.321181964874267,9.507048606872559
201,-51.69465171904652,0.8778628230094909,6.328575706481933,7.2064385414123535
202,-60.46203773527749,1.0352518677711486,4.970259809494019,6.00551176071167
203,-66.3867716156064,1.1428919315338135,8.16261978149414,9.30551176071167
204,-73.91895026451238,1.2782448172569274,10.590860748291016,11.869105529785156
205,-78.14225173005693,1.3460035443305969,9.553986167907714,10.899989604949951
206,-69.152994044066,1.1898072242736817,7.9177481174469,9.107555484771728
207,-56.60137536589063,0.9718186020851135,6.553669881820679,7.525488471984863
208,-64.0696801399878,1.1038958787918092,6.720985698699951,7.824881601333618
209,-65.06758477761888,1.1211676359176637,6.305569076538086,7.426736688613891
210,-69.13695854710136,1.1964226484298706,8.983134174346924,10.179556751251221
211,-65.3909149458912,1.1261895895004272,6.720226764678955,7.846416378021241
212,-67.4560694400698,1.1597275853157043,6.346737670898437,7.506465244293213
213,-62.932289616888745,1.0763499975204467,6.8823606967926025,7.958710670471191
214,-61.87439370789383,1.0619108557701111,7.2698938846588135,8.331804847717285
215,-58.674496763718835,1.000024324655533,6.769452810287476,7.76947717666626
216,-57.85575213183097,0.9900051355361938,6.540418195724487,7.530423402786255
217,-62.77042169575043,1.0750765323638916,7.6595978260040285,8.73467435836792
218,-67.3125686829641,1.1617063164711,9.438977909088134,10.60068416595459
219,-57.34666495348608,0.9830110311508179,3.2386261940002443,4.22163724899292
220,-72.84018350264377,1.2425843358039856,7.925061321258545,9.167645740509034
221,-60.13319174700159,1.0348172903060913,7.169573163986206,8.204390335083009
222,-55.532056046234416,0.9483565032482147,7.579488372802734,8.527844905853271
223,-67.66803518592158,1.1636860609054565,8.286466503143311,9.450152587890624
224,-60.84425824234398,1.0412893652915955,5.412055349349975,6.4533447265625
225,-58.615660406822165,1.0053646683692932,8.856371307373047,9.861736011505126
226,-66.31029483024827,1.1366655707359314,8.602958679199219,9.739624118804931
227,-68.95867599401546,1.189146137237549,7.225739908218384,8.414886283874512
228,-69.21859700164018,1.1890422582626343,8.875892829895019,10.06493501663208
229,-70.7032112233669,1.2163501620292663,7.621841478347778,8.838191604614257
230,-66.06156294750588,1.1244662880897522,8.767840766906739,9.892306995391845
231,-71.32823304015197,1.2287094473838807,8.846719360351562,10.075428867340088
232,-68.63291833514722,1.1752951622009278,9.920450019836426,11.095745182037353
233,-66.86058099833136,1.1512199640274048,8.060555839538575,9.21177568435669
234,-58.75321749305971,1.0010166823863984,3.7943026304244993,4.795319318771362
235,-58.0542720590491,0.991187983751297,4.772531604766845,5.76371955871582
236,-67.01428121141626,1.1512675404548645,7.0948262214660645,8.24609375
237,-55.22445800599079,0.9375884056091308,4.808357095718383,5.745945453643799
238,-59.71300431383625,1.0213011622428894,4.174709796905518,5.196010971069336
239,-65.09549535680569,1.1101826310157776,8.643743133544922,9.753925800323486
240,-62.56029434555566,1.07226881980896,7.2626502990722654,8.33491916656494
241,-64.16828492602437,1.0933093309402466,7.462883186340332,8.556192779541016
242,-72.28637166023262,1.2457674145698547,8.346917629241943,9.592684936523437
243,-57.188718611118716,0.970222282409668,6.764317560195923,7.734539794921875
244,-71.59045978331177,1.232498788833618,9.163442707061767,10.395941638946534
245,-53.416096779866265,0.9073091924190522,4.445275163650512,5.352584266662598
246,-67.9043148550243,1.1610573649406433,7.607229328155517,8.76828670501709
247,-68.39878894057512,1.174330484867096,6.52384729385376,7.698177814483643
248,-62.74258782965032,1.0660077810287476,5.654262638092041,6.720270395278931
249,-60.35485974751746,1.0289155006408692,5.261094045639038,6.290009546279907
250,-68.18337803630132,1.1639234185218812,8.290148544311524,9.454071807861329
251,-61.72767963727292,1.0550681829452515,5.87747893333435,6.93254714012146
252,-64.60122851226146,1.0970592737197875,8.356527519226074,9.453586864471436
253,-65.59960921625074,1.1272265672683717,6.807717514038086,7.934944105148316
254,-66.45469355728319,1.1387644767761231,6.477644777297973,7.616409254074097
255,-63.38439012739654,1.08387531042099,6.519627046585083,7.603502368927002
256,-70.04897474902012,1.191338849067688,7.280388927459716,8.471727848052979
257,-62.09349783342272,1.0605560779571532,9.273388671875,10.33394479751587
258,-69.68480874330544,1.1933254241943358,7.5585771083831785,8.7519024848938
259,-52.762516079063204,0.8873899936676025,4.04364652633667,4.931036520004272
260,-63.615686544286426,1.077855408191681,6.09877495765686,7.176630353927612
261,-72.97070932121659,1.2361997604370116,9.399581813812256,10.635781574249268
262,-65.03159505119518,1.1074993133544921,5.83016037940979,6.937659692764282
263,-67.52197574781991,1.1582175374031067,5.642815065383911,6.801032543182373
264,-65.14165268262231,1.1127328634262086,5.907573986053467,7.020306777954102
265,-65.89088525333449,1.1204167366027833,7.572333908081054,8.692750644683837
266,-65.31088079818366,1.117298972606659,6.375813293457031,7.493112277984619
267,-75.12357626131924,1.2859747529029846,10.060855865478516,11.346830654144288
268,-68.66800370090247,1.164084541797638,7.375293302536011,8.539377784729004
269,-71.0286415141943,1.2191253662109376,8.947137546539306,10.166262912750245
270,-61.57439145533256,1.0465519070625304,7.138502359390259,8.185054302215576
271,-69.89449232139684,1.1911887168884276,11.172352313995361,12.36354112625122
272,-65.94420078789335,1.1266682624816895,7.036191320419311,8.162859535217285
273,-62.343042812392575,1.0630508661270142,6.762115859985352,7.8251667499542235
274,-55.326084085400794,0.9320357918739319,5.377634286880493,6.309670114517212
275,-70.56618872239235,1.2023786306381226,8.735281181335449,9.93765993118286
276,-64.93837551517743,1.1078534722328186,5.2739697933197025,6.381823253631592
277,-67.8306942985999,1.157611358165741,7.128970289230347,8.2865816116333
278,-74.66631827296779,1.2702191829681397,10.111084365844727,11.38130350112915
279,-65.41130120945851,1.1142597198486328,6.065890216827393,7.180149841308594
280,-71.9813530611572,1.216080939769745,7.485028600692749,8.701109600067138
281,-72.24335406437265,1.2352510571479798,9.423744010925294,10.658995056152344
282,-66.42766696590638,1.125511372089386,5.92016282081604,7.045674133300781
283,-68.70474665168243,1.174507987499237,8.035457992553711,9.209965991973878
284,-62.40146763646191,1.061114525794983,4.64807538986206,5.709189987182617
285,-76.45009445533492,1.3013007640838623,10.266701126098633,11.568001842498779
286,-71.65690090654934,1.227637779712677,8.140683937072755,9.36832160949707
287,-68.65388059878117,1.1682019591331483,6.349774169921875,7.517976093292236
288,-69.72395244574565,1.1894107341766358,7.167292785644531,8.35670347213745
289,-76.91881109204282,1.3180476903915406,11.335999965667725,12.654047584533691
290,-72.58310231403597,1.2366151928901672,7.9702965259552006,9.206911849975587
291,-65.86639759885792,1.1112241744995117,4.947993326187134,6.059217548370361
292,-73.8975675746307,1.261926794052124,10.627400207519532,11.88932695388794
293,-62.335305118340955,1.06087406873703,4.700950050354004,5.761824035644532
294,-69.53732877573223,1.1806858897209167,7.68693790435791,8.867623615264893
295,-71.9252933582639,1.2203560948371888,6.734911775588989,7.955267810821534
296,-66.48172307244765,1.1251243591308593,6.244110107421875,7.36923451423645
297,-68.39050816927978,1.162803876399994,6.826222610473633,7.989026498794556
298,-67.33617950255916,1.1483498334884643,7.090259027481079,8.238608932495117
299,-69.19504512015399,1.1595305681228638,8.700390148162843,9.859920883178711
300,-67.3701433609246,1.1454814791679382,7.113506698608399,8.258988189697266
301,-69.08811741551983,1.1674072027206421,5.464153909683228,6.631561183929444
302,-69.68775913678111,1.1830077409744262,7.0585894107818605,8.241597175598145
303,-79.43769727671398,1.3568615198135376,6.594899606704712,7.951761102676391
304,-70.35346050976736,1.1825031161308288,7.727119493484497,8.909622478485108
305,-70.55345332547215,1.2028629183769226,7.886366128921509,9.089229202270507
306,-66.37004488658411,1.125923478603363,9.77924108505249,10.905164432525634
307,-70.60311195832237,1.2054846644401551,8.224204730987548,9.429689407348633
308,-67.88604392316887,1.1572193264961244,6.593635416030883,7.750854778289795
309,-62.463053145721766,1.0551987528800963,6.757353210449219,7.812551975250244
310,-81.18342426440421,1.3951142072677611,13.83209056854248,15.2272047996521
311,-72.5979910649528,1.237961721420288,7.74260983467102,8.98057165145874
312,-61.1164231832817,1.0327875137329101,3.4849293708801268,4.517716932296753
313,-73.09200606805747,1.2478328227996827,7.92664794921875,9.174480724334718
314,-71.48400571336326,1.2169333696365356,7.86006441116333,9.076997756958008
315,-67.76789800244364,1.1511521100997926,7.232432270050049,8.38358449935913
316,-71.56584095934221,1.219215202331543,7.773091173171997,8.992306327819824
317,-70.0398385393221,1.187076783180237,6.277707529067993,7.464784288406372
318,-71.49144189998722,1.205039095878601,6.5375617980957035,7.7426008701324465
319,-73.90668378954894,1.2570727825164796,8.738417720794677,9.995490550994873
320,-78.74331596451881,1.3386248707771302,8.663110160827637,10.001735019683839
321,-65.3475491093846,1.108609414100647,5.261666250228882,6.370275688171387
322,-57.001230888430115,0.9613437950611115,3.1008376359939573,4.062181425094605
323,-64.8083644226821,1.0887456059455871,7.052427434921265,8.141172981262207
324,-68.31938922795334,1.1602764487266541,6.858593463897705,8.018869972229004
325,-69.73148796694053,1.1723678231239318,8.783632946014404,9.956000804901123
326,-75.39103165719854,1.2837834239006043,5.174116420745849,6.457899856567383
327,-64.41432497137586,1.0830689787864685,4.389687395095825,5.472756385803223
328,-72.06422274270938,1.2229287266731261,7.391823720932007,8.614752388000488
329,-71.76094813189353,1.2062140822410583,7.852937698364258,9.059151649475098
330,-75.67737036889366,1.292586898803711,9.014145755767823,10.306732654571533
331,-70.99312821098368,1.2046328783035278,6.842870235443115,8.047503089904785
332,-71.0351225822142,1.2039128541946411,9.895342063903808,11.09925479888916
333,-71.65793632372376,1.2144304275512696,6.411602354049682,7.626032781600952
334,-76.42058759517599,1.3010499596595764,10.135868167877197,11.436918258666992
335,-74.33914216582967,1.264626145362854,7.70252423286438,8.967150497436524
336,-73.67634791516355,1.2480127811431885,7.7209876537322994,8.969000434875488
337,-79.65598486350474,1.362054133415222,11.165220069885255,12.527274417877198
338,-69.91890857223329,1.1752229571342467,6.021247005462646,7.196469926834107
339,-69.05599383228508,1.1660102725028991,6.839610195159912,8.00562047958374
340,-72.54059094940277,1.2425240397453308,4.449596405029297,5.6921204090118405
341,-67.67988885528433,1.1176639914512634,4.9995626449584964,6.117226696014404
342,-63.07977640724758,1.0622767210006714,5.523655080795288,6.585931825637817
343,-63.676332379367395,1.0667138814926147,4.4295111179351805,5.496225023269654
344,-76.38994941978217,1.2998237133026123,10.892738819122314,12.192562484741211
345,-66.90519531473704,1.126612627506256,6.107243967056275,7.233856630325318
346,-74.83782654648775,1.2684343457221985,9.221884441375732,10.49031858444214
347,-76.26865456081579,1.293480682373047,9.22884922027588,10.522329902648925
348,-66.54656950528258,1.118018889427185,5.915407276153564,7.033426141738891
349,-63.05397853153302,1.0598124265670776,4.300199317932129,5.360011720657349
350,-73.97425141491746,1.2526874899864198,7.977236270904541,9.229923725128174
351,-73.99851078549004,1.2548548817634582,6.572051858901977,7.826906728744507
352,-66.81472513605206,1.1307670950889588,3.8493306159973146,4.980097723007202
353,-72.24045268664158,1.2228309392929078,9.055508232116699,10.278339195251466
354,-67.75777206778807,1.1407966017723083,5.861759901046753,7.002556467056275
355,-68.8669596718234,1.1478611350059509,5.755160236358643,6.903021335601807
356,-68.29953676737235,1.1514195322990417,6.411103105545044,7.562522554397583
357,-69.71946758977592,1.1722949743270874,6.298729133605957,7.471024131774902
358,-67.58567832719116,1.1372859239578248,7.4812929153442385,8.618578910827637
359,-71.75367814974786,1.2053364157676696,5.979814767837524,7.185151147842407
360,-69.31449795097186,1.1697188138961792,6.310946083068847,7.480664920806885
361,-71.37928627184574,1.205830979347229,9.480425834655762,10.686256790161133
362,-75.81088884915334,1.2813786506652831,7.156099414825439,8.437478065490723
363,-78.32808649105615,1.3256528615951537,10.156072235107422,11.481725025177003
364,-63.89989086875769,1.0601440072059631,3.869331216812134,4.929475259780884
365,-69.18064847280394,1.1698442935943603,5.718204641342163,6.888048887252808
366,-75.35423045061115,1.2745017528533935,7.620795822143554,8.895297622680664
367,-74.94548248193294,1.2653283715248107,7.821463203430175,9.08679132461548
368,-76.44778450638333,1.2825965881347656,9.195323276519776,10.477919864654542
369,-60.689328213864954,1.0082663953304292,5.520151138305664,6.528417539596558
370,-79.03813323340758,1.3331950426101684,6.709690427780151,8.042885446548462
371,-72.70627681757381,1.2210607767105102,5.13226089477539,6.353321647644043
372,-72.1850987686451,1.2101770281791686,7.190708255767822,8.400885391235352
373,-69.20765401693878,1.152161705493927,7.513970041275025,8.666131782531739
374,-64.28331015160875,1.074096965789795,3.682510256767273,4.756607151031494
375,-69.49762101115421,1.1689316034317017,5.458161354064941,6.627093029022217
376,-66.85516156117801,1.1186747908592225,4.744868373870849,5.863543272018433
377,-74.89250333937979,1.2614112973213196,7.133223628997802,8.394634819030761
378,-67.71181274815297,1.1370030879974364,5.7265294075012205,6.863532447814942
379,-72.08878699308156,1.2144976258277893,6.3702898025512695,7.58478741645813
380,-65.75311044632224,1.0983694672584534,5.1263861656188965,6.224755573272705
381,-61.95789551056672,1.0242691397666932,3.507806825637817,4.5320759296417235
382,-70.4755612351419,1.1816789984703064,6.93708233833313,8.118761253356933
383,-62.168545747710695,1.0288940072059631,3.340535807609558,4.36942982673645
384,-71.14958246788213,1.1967900395393372,5.776525831222534,6.973315906524658
385,-68.7208152163033,1.1496370315551758,7.111777353286743,8.261414337158204
386,-80.15121673030839,1.3552533030509948,10.56326847076416,11.91852159500122
387,-66.56046503072157,1.110090470314026,5.294360256195068,6.4044506549835205
388,-70.11297433116422,1.1674173474311829,5.764291191101075,6.93170862197876
389,-64.73895195992787,1.0757532000541687,4.912999773025513,5.988752937316894
390,-71.36796363349089,1.1839317083358765,6.226582622528076,7.4105143547058105
391,-66.1122690944459,1.1047195792198181,4.990008592605591,6.094728279113769
392,-65.56507462702538,1.0927460551261903,6.327129602432251,7.41987566947937
393,-72.01180044699143,1.2053656339645387,8.299931240081786,9.505296802520752
394,-71.4730605751491,1.1935374975204467,7.578498506546021,8.77203598022461
395,-69.06035505394574,1.1580224275588988,5.686603021621704,6.844625473022461
396,-67.82709262625141,1.131868350505829,4.710100984573364,5.841969347000122
397,-57.06226808705274,0.9426551938056946,2.4911208391189574,3.433776044845581
398,-69.53289451561548,1.1603261709213257,6.669271516799927,7.82959771156311
399,-71.67662690154035,1.195969808101654,6.593103075027466,7.789072847366333
400,-58.56140268858854,0.9692495703697205,4.708187294006348,5.677436876296997
401,-71.79816886765143,1.2030189752578735,5.560008716583252,6.763027667999268
402,-74.11952495938452,1.2428321838378906,7.6288410186767575,8.871673107147217
403,-71.67526528937537,1.1993866920471192,7.1338239192962645,8.333210659027099
404,-72.15300236881592,1.2095245003700257,6.220986604690552,7.430511140823365
405,-71.43912051468725,1.1838719844818115,5.4297322750091555,6.613604164123535
406,-67.69590385169397,1.1215776324272155,5.1885744571685795,6.310152053833008
407,-75.32195768045128,1.2690373182296752,6.8728601932525635,8.141897487640382
408,-66.72999980547968,1.1108656048774719,3.5048479080200194,4.615713500976563
409,-80.4763452576212,1.355401885509491,8.913973903656006,10.269375801086426
410,-72.11982116284537,1.2049829721450807,9.048021125793458,10.25300407409668
411,-61.53021412462824,1.0103041410446167,3.3462252378463746,4.356529378890992
412,-69.20950748840838,1.1422834634780883,6.050405073165893,7.192688417434693
413,-68.64625060038878,1.1449367880821228,6.730404710769653,7.875341558456421
414,-76.2479923085611,1.275186824798584,7.210480785369873,8.485667419433593
415,-74.33231847276198,1.2389596223831176,9.245960807800293,10.484920406341553
416,-68.43945940264169,1.1360472202301026,6.04644742012024,7.182494640350342
417,-78.75187493197825,1.3193074703216552,6.355529880523681,7.674837350845337
418,-66.22050179741917,1.0923824429512023,4.120787715911865,5.213170194625855
419,-61.81734311230491,1.0228079080581665,5.026818561553955,6.0496265411376955
420,-75.09002011720182,1.25536208152771,9.21410150527954,10.469463443756103
421,-77.25194049503018,1.2953892946243286,6.852084922790527,8.147474193572998
422,-66.10182591099931,1.0962552309036255,4.420263195037842,5.516518545150757
423,-74.46335873918449,1.246509861946106,6.5408109664917,7.787320756912232
424,-70.6896847553406,1.175967264175415,6.030507040023804,7.206474351882934
425,-65.07242002939014,1.0685352444648744,3.8345524787902834,4.903087759017945
426,-70.48048027506651,1.1660994648933412,6.594401073455811,7.760500478744507
427,-66.6361544836505,1.0980827569961549,4.497222280502319,5.595305061340332
428,-63.79625225335073,1.0531009674072265,5.649097537994384,6.702198505401611
429,-76.00334739068602,1.2691823840141296,6.802777433395386,8.07195978164673
430,-80.86551395962604,1.365698266029358,9.624145889282227,10.989844226837159
431,-66.57617887475038,1.098219132423401,4.172666215896607,5.270885372161866
432,-70.95757815844604,1.1761507749557496,7.734990358352661,8.911141109466552
433,-64.46424507443386,1.0629411339759827,4.620437717437744,5.683378887176514
434,-62.79953117402657,1.0262224078178406,4.443755769729615,5.4699782371521
435,-71.34803470138564,1.1860462546348571,6.757560920715332,7.943607234954834
436,-69.300518991184,1.1437280774116516,5.274172401428222,6.417900419235229
437,-73.34564428509124,1.2187945127487183,8.715869045257568,9.934663772583008
438,-68.005979691635,1.1305829167366028,3.9182118654251097,5.048794841766357
439,-76.64551500536888,1.2786066293716432,6.711314249038696,7.9899208545684814
440,-69.46125023862845,1.1457161068916322,5.895425701141358,7.04114179611206
441,-72.59564361680668,1.207278597354889,6.59480128288269,7.802079868316651
442,-62.56599232114414,1.0296000838279724,3.77325975894928,4.802859830856323
443,-72.8160249421907,1.20560941696167,5.831990098953247,7.0375996112823485
444,-62.49582292105827,1.0258337736129761,3.775704050064087,4.801537752151489
445,-71.94221161982694,1.192151427268982,9.15897331237793,10.35112476348877
446,-64.73704697272981,1.0685716271400452,2.9292389869689943,3.997810626029968
447,-75.92809326407999,1.2601766467094422,7.995297908782959,9.25547456741333
448,-72.38969793603864,1.1995996832847595,6.939378976821899,8.13897876739502
449,-66.02689297045258,1.0872944116592407,4.19793553352356,5.285229969024658
450,-73.51249641768686,1.2196483969688416,6.350508403778076,7.570156812667847
451,-71.3632547179724,1.1773489832878112,5.614637422561645,6.791986417770386
452,-68.1685790365346,1.113720965385437,4.4011811256408695,5.514902114868164
453,-71.69978093916154,1.1693288087844849,6.644035911560058,7.813364744186401
454,-75.0779961477258,1.2492331981658935,6.023423957824707,7.272657108306885
455,-69.99459132398673,1.1507861256599425,5.9259851455688475,7.076771259307861
456,-65.50762569050306,1.0783026099205018,4.129114246368408,5.207416820526123
457,-73.73128212830966,1.2214187026023864,8.157705402374267,9.379123973846436
458,-66.06488297485609,1.075354814529419,3.8054908514022827,4.88084568977356
459,-80.61166486771884,1.345193612575531,9.052565860748292,10.397759342193604
460,-70.37839743738033,1.164288294315338,4.948396635055542,6.112684869766236
461,-76.70525388695683,1.2772096514701843,8.87262029647827,10.149829959869384
462,-68.56728408442814,1.1259893417358398,4.579857730865479,5.70584716796875
463,-59.97303773793036,0.9719544053077698,3.681724739074707,4.653679132461548
464,-69.4278965285483,1.1435944318771363,6.530965328216553,7.674559831619263
465,-72.4327987839811,1.1911781072616576,6.800251197814942,7.991429376602173
466,-71.92816647969313,1.1846895098686219,6.685666275024414,7.870355749130249
467,-70.4267819706366,1.1419910788536072,5.653882646560669,6.795873785018921
468,-70.32550131899139,1.160442578792572,5.371013879776001,6.531456470489502
469,-69.68098980552504,1.1462249279022216,5.26720929145813,6.413434219360352
470,-78.76558219334349,1.3081445097923279,9.001175498962402,10.309320068359375
471,-77.02479745883159,1.2766438364982604,7.786528444290161,9.063172245025635
472,-69.96366404439144,1.149256205558777,5.6516002178192135,6.800856447219848
473,-68.28789624030637,1.1048773169517516,4.06065092086792,5.165528297424316
474,-72.50906723799253,1.1842211842536927,6.067514801025391,7.251735973358154
475,-67.05450386425103,1.099435770511627,3.694404125213623,4.7938398838043215
476,-78.50378231950197,1.3031835436820984,8.98730010986328,10.290483760833741
477,-76.83706780392234,1.2744245529174805,6.6209839344024655,7.895408487319946
478,-70.37601292166454,1.1583877325057983,7.098307085037232,8.256694793701172
479,-70.02779102997084,1.1509901285171509,6.22908935546875,7.380079507827759
480,-81.26693736416519,1.347359311580658,8.678032302856446,10.025391674041748
481,-67.97425915279247,1.1151506066322328,4.194765520095825,5.309916210174561
482,-71.80829152384766,1.1706529140472413,7.016414546966553,8.187067413330078
483,-77.66338366220289,1.2847540974617004,8.727596473693847,10.01235055923462
484,-71.3420264033232,1.1524259090423583,5.835228109359742,6.987654018402099
485,-72.44632653209075,1.1951583623886108,6.147849750518799,7.343008184432984
486,-71.46749731408181,1.175830328464508,5.365346002578735,6.5411763191223145
487,-68.51623960604236,1.1205857038497924,4.419002056121826,5.539587736129761
488,-70.19150280179036,1.1515568971633912,4.897800731658935,6.049357652664185
489,-73.79765644361828,1.215939176082611,6.309029483795166,7.524968576431275
490,-78.52525088867145,1.2987775206565857,7.695090055465698,8.993867588043212
491,-73.69132206846497,1.217031991481781,5.9828887462615965,7.199920701980591
492,-72.50718599726706,1.1888676762580872,6.101941823959351,7.290809440612793
493,-74.54006268053547,1.2238288879394532,6.946102714538574,8.169931507110595
494,-73.40529665069377,1.1982467293739318,6.048417377471924,7.246664094924927
495,-71.95992947669897,1.1808584213256836,6.581773281097412,7.762631750106811
496,-72.7804398014344,1.1910452246665955,5.105181884765625,6.296227169036865
497,-71.51569397789706,1.1720605969429017,4.891031169891358,6.063091707229614
498,-76.13221777144842,1.2558531165122986,5.558272361755371,6.8141255378723145
499,-61.33964287376237,0.9821327567100525,2.561401104927063,3.5435338497161863
500,-69.16573526437509,1.1316176652908325,5.310222196578979,6.4418398380279545
501,-70.4791647576292,1.1510687112808227,4.957408666610718,6.108477401733398
502,-66.03646521834597,1.068923795223236,4.434223937988281,5.50314769744873
503,-71.2321767581247,1.160639226436615,4.485434675216675,5.646073865890503
504,-72.56968841081473,1.1881343483924867,5.081096601486206,6.2692310333251955
505,-76.08922371861074,1.251609981060028,7.07052059173584,8.322130584716797
506,-70.90986267161428,1.157060706615448,5.888916063308716,7.045976829528809
507,-73.34779099082992,1.2032313704490663,5.928897666931152,7.132129096984864
508,-73.94545617590117,1.2075217008590697,7.546280384063721,8.753802013397216
509,-67.06298626955206,1.0894749283790588,4.23131833076477,5.3207932472229
510,-74.91959353824225,1.2258877992630004,4.327174711227417,5.553062391281128
511,-74.8538516856681,1.2249730587005616,6.9629134178161625,8.187886333465576
512,-68.38434706099072,1.1110531568527222,4.696437931060791,5.807491064071655
513,-71.02557551407486,1.1516956567764283,5.27382526397705,6.425520944595337
514,-73.79216791139005,1.2105987429618836,4.6180134296417235,5.828612184524536
515,-74.60035088315583,1.2173593640327454,6.869517517089844,8.08687686920166
516,-66.9017646436091,1.087717306613922,3.098463225364685,4.186180520057678
517,-66.98578010870948,1.0859626531600952,4.19078688621521,5.276749610900879
518,-81.15308565040736,1.3390745997428894,9.22423267364502,10.563307285308838
519,-77.88429989058878,1.276183581352234,7.657208585739136,8.933392238616943
520,-74.57439998410842,1.2201582789421082,5.387661075592041,6.607819414138794
521,-66.87898505167067,1.0809070467948914,4.061319828033447,5.142226886749268
522,-67.411735197983,1.0923479318618774,4.231569576263428,5.323917484283447
523,-71.8358304219694,1.1673495292663574,5.205322408676148,6.3726719379425045
524,-72.16861986012488,1.1678904175758362,5.841432237625122,7.009322595596314
525,-74.48471549548725,1.2099490761756897,5.238747930526733,6.44869704246521
526,-63.605751591194036,1.0245142102241516,3.7729173421859743,4.797431564331054
527,-70.25223626782086,1.135699737071991,5.5184948444366455,6.654194498062134
528,-66.64175017310673,1.0740199327468871,5.305592775344849,6.379612684249878
529,-70.97872108866395,1.15217581987381,4.944737672805786,6.096913433074951
530,-73.94328674560295,1.2026429891586303,5.501462411880493,6.704105377197266
531,-72.84573125575777,1.1793436646461486,4.954445457458496,6.133789157867431
532,-72.99867194000149,1.1894614815711975,5.606465435028076,6.795926952362061
533,-75.33377022896003,1.2281288743019103,4.614590692520141,5.842719554901123
534,-66.0881520343479,1.0642284393310546,3.7013880252838134,4.765616464614868
535,-71.57283687215772,1.1600460648536681,4.230656671524048,5.390702772140503
536,-72.02915302554918,1.1607948660850524,5.19960298538208,6.36039776802063
537,-76.47917281590432,1.2345000624656677,6.817465496063233,8.051965522766114
538,-65.78212086323936,1.0582734942436218,3.4959399700164795,4.5542134761810305
539,-77.27967433974928,1.259466278553009,5.633731746673584,6.893197965621948
540,-76.84556743809732,1.254886555671692,8.481733798980713,9.736620235443116
541,-77.22424294640565,1.2585217237472535,7.002436399459839,8.260958003997803
542,-76.56189358035434,1.2497362852096559,7.9479752540588375,9.197711372375489
543,-73.76049222134111,1.1906725406646728,5.3161696434021,6.506842184066772
544,-69.15738824800032,1.1147782921791076,4.8745063781738285,5.989284706115723
545,-71.95083035541185,1.1641205072402954,5.499810409545899,6.663930892944336
546,-68.16387890947809,1.0973778009414672,3.334337830543518,4.431715679168701
547,-73.32726911460627,1.1713074445724487,5.4675366401672365,6.638844156265259
548,-76.70515907364222,1.2437909722328186,6.888966274261475,8.132757186889648
549,-70.83913300373995,1.1422232866287232,4.2566903591156,5.3989136695861815
550,-70.06742373648233,1.1243569374084472,5.278759860992432,6.403116703033447
551,-70.17251273123298,1.132137155532837,4.858286333084107,5.990423488616943
552,-71.04881829696859,1.1395625829696656,4.361501455307007,5.501064014434815
553,-70.38036996913118,1.12998423576355,4.890065908432007,6.020050096511841
554,-67.88309397455393,1.086978805065155,4.55093731880188,5.637915992736817
555,-75.56621689839466,1.222666871547699,6.757482576370239,7.980149555206299
556,-73.23467906674227,1.16128351688385,5.846567296981812,7.007850790023804
557,-76.91564197295915,1.2400188088417052,7.448503923416138,8.688522815704346
558,-80.16916392762467,1.307355237007141,7.152306175231933,8.459661388397217
559,-80.48799065582116,1.3117362260818481,4.850941324234009,6.162677574157715
560,-74.89961639421368,1.201505219936371,6.582941722869873,7.7844470024108885
561,-60.20475812100708,0.951117753982544,2.7098057508468627,3.660923480987549
562,-76.7219999506348,1.2423079013824463,7.325699949264527,8.568007850646973
563,-75.33892087456456,1.2025359988212585,6.088343667984009,7.2908796787261965
564,-64.81152482075402,1.0316474914550782,4.169207048416138,5.2008544445037845
565,-74.49526144931338,1.1993749976158141,5.834622192382812,7.033997201919556
566,-68.90641514108799,1.0947426795959472,4.6515600204467775,5.746302700042724
567,-77.25628018394099,1.2493818283081055,6.579289102554322,7.828670883178711
568,-64.47550777858177,1.0203121423721313,3.8309151887893678,4.8512273788452145
569,-67.7001593452243,1.0749904036521911,3.2692829847335814,4.344273328781128
570,-67.40231892428591,1.0770148396492005,3.556145715713501,4.633160638809204
571,-76.26340891440658,1.223151695728302,6.045251083374024,7.268402814865112
572,-70.4576890551194,1.1192899584770202,5.162693786621094,6.281983757019043
573,-69.456587406891,1.1129622220993043,4.311726188659668,5.42468843460083
574,-75.21396541667764,1.2128866076469422,5.562281847000122,6.775168514251709
575,-78.64185203101641,1.2686398386955262,6.560154819488526,7.828794622421265
576,-66.45653559079688,1.0510509729385376,3.1436062335968016,4.194657230377198
577,-70.41840464364661,1.122202503681183,5.984465837478638,7.106668376922608
578,-73.42104667640972,1.1752947330474854,4.846141529083252,6.021436262130737
579,-74.41793068890628,1.1857605814933776,6.260289335250855,7.446049928665161
580,-72.09158843761067,1.1563129663467406,4.834051942825317,5.990364980697632
581,-74.0668275933497,1.1899731397628783,5.907101392745972,7.0970746040344235
582,-74.62955265123774,1.1938644170761108,5.139076089859008,6.3329404354095455
583,-79.98570323987987,1.2858030557632447,5.256681823730469,6.542484951019287
584,-79.09120256299094,1.2757283091545104,8.543803596496582,9.819532012939453
585,-67.61017799872185,1.0666024208068847,3.5321102142333984,4.598712635040283
586,-61.894383013859255,0.9618401050567627,3.425003743171692,4.386843872070313
587,-76.34016581923727,1.223167061805725,6.7338632106781,7.957030296325684
588,-62.20397711248359,0.9682410359382629,3.036475086212158,4.004716157913208
589,-69.66363775868885,1.0989039063453674,4.235329246520996,5.334233188629151
590,-69.7356274205633,1.0991085529327393,5.149570608139038,6.248679161071777
591,-69.56554320060505,1.1019571661949157,3.882051610946655,4.984008836746216
592,-65.9435791134676,1.037367045879364,4.565812110900879,5.603179168701172
593,-76.15327944352885,1.2258068680763246,7.959140586853027,9.184947395324707
594,-71.34556862923756,1.1386632084846497,4.906288719177246,6.044951915740967
595,-72.85330448021122,1.1693276524543763,4.8007481575012205,5.970075845718384
596,-76.42462588891054,1.2172065258026123,8.25604181289673,9.473248291015626
597,-68.09952538353829,1.0773200035095214,3.504172420501709,4.581492376327515
598,-61.99622172023786,0.9512853264808655,2.4589412212371826,3.410226559638977
599,-78.01434007851748,1.2449152946472168,6.75625376701355,8.001169109344483
600,-78.59169908422427,1.2570502519607545,5.9697432041168215,7.226793384552002
601,-73.51644206615111,1.16002459526062,4.816585445404053,5.9766100406646725
602,-68.68374805587892,1.085603153705597,3.95259485244751,5.038197946548462
603,-70.53736217343487,1.1114566445350647,3.772753596305847,4.884210205078125
604,-72.67103800168016,1.1562246799468994,4.716214895248413,5.872439527511597
605,-60.13652009431924,0.9343426942825317,2.6121179342269896,3.5464606523513793
606,-70.87436768505901,1.1158327102661132,5.42146668434143,6.537299299240113
607,-77.43766699026969,1.2457733750343323,7.072306489944458,8.318079853057862
608,-75.85776287871808,1.2095942974090577,5.998857212066651,7.208451461791992
609,-76.9650092689941,1.229741907119751,6.24207501411438,7.471816873550415
610,-70.39881960806434,1.1095713257789612,4.410563659667969,5.520134973526001
611,-73.02536330257519,1.1569043040275573,5.734484529495239,6.89138879776001
612,-73.61282196401137,1.1734006881713868,5.135693120956421,6.309093856811524
613,-72.38689796869912,1.151868736743927,4.248586273193359,5.400455045700073
614,-75.29578771965883,1.19863760471344,5.599861431121826,6.79849910736084
615,-75.09513663272149,1.1932839393615722,5.4968969345092775,6.690180826187134
616,-68.2305734085392,1.073884654045105,4.478472757339477,5.55235743522644
617,-75.29625217665607,1.2026956915855407,5.6362255096435545,6.838921117782593
618,-70.32470869267381,1.1165432333946228,5.136605739593506,6.253148937225342
619,-82.78486928336675,1.3377010941505432,11.315139961242675,12.652840995788575
620,-67.24162804351326,1.052825391292572,4.475276231765747,5.528101587295533
621,-71.76199854044187,1.1291777729988097,5.014449214935302,6.143626976013183
622,-78.68400438121827,1.2593663573265075,6.386912155151367,7.646278524398804
623,-74.69920139101163,1.1829281449317932,5.674259805679322,6.857187986373901
624,-76.40079488597354,1.2087537884712218,4.977171468734741,6.185925245285034
625,-79.9564812417591,1.2675305366516114,7.547605991363525,8.815136528015136
626,-79.49587432104835,1.274289619922638,7.275586318969727,8.549875926971435
627,-68.94351621807384,1.0882844805717469,3.2053130149841307,4.2935975074768065
628,-73.46118616237055,1.1676952838897705,4.42821626663208,5.59591155052185
629,-72.18924360512624,1.1185521125793456,4.594062662124633,5.712614727020264
630,-63.18456849312676,0.985599571466446,2.9766937017440798,3.962293243408203
631,-73.69518571961189,1.1686449646949768,5.9552319049835205,7.123876857757568
632,-64.06865704992543,0.9944137930870056,2.619098401069641,3.61351215839386
633,-70.91136704236035,1.111812961101532,4.365075254440308,5.476888275146484
634,-75.63367212668035,1.2015471935272217,5.062012195587158,6.263559293746948
635,-67.40292299680306,1.0625524401664734,3.49637975692749,4.558932161331176
636,-75.93713402836413,1.2032055735588074,6.757037162780762,7.960242748260498
637,-74.22496326476401,1.1768750190734862,4.202926158905029,5.379801225662232
638,-72.39361594314701,1.1362010002136231,4.417255640029907,5.5534566879272464
639,-78.04032541809178,1.2435208082199096,5.535355567932129,6.7788763523101805
640,-65.63580736123278,1.0199970960617066,3.4139901638031005,4.433987283706665
641,-68.34052994991809,1.0687341570854187,3.8532586097717285,4.921992778778076
642,-76.8213628428644,1.211783492565155,6.068928909301758,7.280712413787842
643,-74.04841803343693,1.1771414041519166,4.923812532424927,6.100953912734985
644,-69.06488499860166,1.0831194400787354,2.686071753501892,3.7691911935806273
645,-74.51683419057,1.1765240669250487,4.874217939376831,6.050741958618164
646,-68.4275687096794,1.070607340335846,4.286562967300415,5.357170295715332
647,-73.00525885764566,1.1461997628211975,4.552394247055053,5.698593950271606
648,-74.94242537608706,1.1879944682121277,5.711214590072632,6.899209117889404
649,-69.23057181803205,1.0820114374160767,4.120568895339966,5.202580356597901
650,-75.18980444365954,1.1909612655639648,4.401792097091675,5.59275336265564
651,-66.62987809687445,1.0274441838264465,3.9522097587585447,4.9796538829803465
652,-69.44133368526828,1.0844407200813293,3.7638837099075317,4.848324346542358
653,-73.17879105415012,1.1528321266174317,6.073157501220703,7.22598967552185
654,-68.76682113443441,1.075237238407135,3.951110053062439,5.026347255706787
655,-72.59365492590442,1.1413508296012878,4.387625360488892,5.528976154327393
656,-64.65134632944745,0.9988082945346832,2.934864544868469,3.933672833442688
657,-76.39095342570076,1.2001564025878906,5.760551071166992,6.960707426071167
658,-67.87902927655819,1.0585326313972474,3.6445104360580443,4.70304307937622
659,-80.22498663553475,1.271855366230011,4.637860059738159,5.909715414047241
660,-71.709452605917,1.1230661273002625,3.64588623046875,4.768952369689941
661,-76.02850783855438,1.2027118802070618,5.471821212768555,6.674533128738403
662,-81.08871870634397,1.2872119307518006,6.4526190757751465,7.739831066131591
663,-70.94477776239603,1.103535282611847,4.456467056274414,5.560002374649048
664,-68.28380114054082,1.0653118371963501,3.7505862951278686,4.815898132324219
665,-73.8893283252299,1.1595216035842895,5.012059354782105,6.171580982208252
666,-71.58846003616303,1.1103509426116944,4.338054466247558,5.448405504226685
667,-76.45636620132673,1.2032614827156067,3.0536200761795045,4.25688157081604
668,-77.94872416468071,1.2330472826957704,5.195511674880981,6.4285589218139645
669,-84.64526814135573,1.349402117729187,8.68396873474121,10.033370685577392
670,-77.64015579476239,1.218036448955536,6.380840587615967,7.598877000808716
671,-74.41768357481425,1.1597386598587036,4.789130020141601,5.948868703842163
672,-77.98397994490972,1.2354512333869934,5.779498863220215,7.014950180053711
673,-66.03817143500866,1.0231966018676757,2.83162841796875,3.854825019836426
674,-83.13296315903975,1.3204604744911195,8.570025825500489,9.890486240386963
675,-74.63092379926108,1.1653911828994752,4.731557321548462,5.8969484806060795
676,-70.39966986596828,1.0993518233299255,2.9355090618133546,4.034860897064209
677,-68.16065956062965,1.0488283276557921,3.067388963699341,4.11621732711792
678,-83.11809410986606,1.3206480026245118,7.732321119308471,9.052969264984132
679,-78.7262547294005,1.226127815246582,5.348062229156494,6.57418999671936
680,-73.34579482967506,1.1384408354759217,4.021428155899048,5.159869050979614
681,-76.55255878933731,1.202522051334381,5.4288169860839846,6.631339025497437
682,-78.6061588212113,1.2275104761123656,6.27163462638855,7.499145126342773
683,-73.7388612106148,1.1549607634544372,4.128929805755615,5.28389048576355
684,-67.7852040501344,1.0555120825767517,3.210367703437805,4.265879774093628
685,-70.60573328477557,1.090312397480011,3.839801001548767,4.930113458633423
686,-72.3356824154151,1.1154982805252076,4.821618986129761,5.937117242813111
687,-62.11138710508435,0.9419372081756592,2.6404927492141725,3.5824299812316895
688,-76.4140433144394,1.1959330081939696,5.86238579750061,7.058318758010865
689,-72.41914690122131,1.1231685042381288,4.35695366859436,5.480122184753418
690,-68.7016591316997,1.0530198574066163,4.018405342102051,5.071425199508667
691,-73.86374551933457,1.1516051054000855,5.214245128631592,6.365850210189819
692,-68.08257399676853,1.0502622604370118,3.660836958885193,4.711099290847779
693,-79.85943864872984,1.2277416348457337,6.704277992248535,7.932019472122192
694,-67.45941472610178,1.028661561012268,2.9529856204986573,3.981647181510925
695,-69.20604830580746,1.0624194383621215,3.715568470954895,4.777987909317017
696,-76.81826030357355,1.200291633605957,4.567032098770142,5.767323780059814
697,-60.844804614755915,0.9239706516265869,1.9533136248588563,2.87728431224823
698,-69.17480049979278,1.0608214259147644,2.555648350715637,3.6164697408676147
699,-74.75242488297393,1.1521667122840882,4.153723955154419,5.305890607833862
700,-61.01705213444133,0.9142472565174102,2.0193137526512146,2.9335609912872314
701,-79.88672694236072,1.2498339653015136,6.678921461105347,7.928755378723144
702,-78.34626994901983,1.22895427942276,6.449421119689942,7.678375339508056
703,-70.1499864329262,1.0636979937553406,3.0567469120025637,4.120444917678833
704,-77.43050294644593,1.2047356009483337,5.988045787811279,7.1927813529968265
705,-70.88522918820286,1.0896811962127686,4.612576532363891,5.70225772857666
706,-71.67963130369193,1.1001451134681701,3.8943309783935547,4.994476079940796
707,-73.49624897345586,1.1258117318153382,4.51383376121521,5.639645433425903
708,-71.69853945686269,1.135713481903076,4.321833705902099,5.457547187805176
709,-66.42798384984462,1.0158434748649596,3.2123949766159057,4.228238534927368
710,-77.03345081349417,1.2029659271240234,5.740298843383789,6.943264722824097
711,-63.73495429446052,0.9508711576461792,2.467623972892761,3.4184951066970823
712,-75.83107744580386,1.1760302662849427,4.8001627922058105,5.976192998886108
713,-72.43236255802056,1.113450253009796,5.103377342224121,6.21682767868042
714,-65.57714014138725,0.9959743440151214,2.296121120452881,3.292095446586609
715,-75.44425422569205,1.1656455039978026,3.6563476800918577,4.821993112564087
716,-73.18465220097512,1.1260386109352112,3.6625194787979125,4.788558053970337
717,-66.32480194545099,1.0109286308288574,2.716140127182007,3.7270687341690065
718,-76.08362654353516,1.175889241695404,5.846872091293335,7.022761344909668
719,-73.67006423308294,1.1408698797225951,5.553242874145508,6.694112825393677
720,-82.8050508564979,1.2783934593200683,8.153558349609375,9.431951808929444
721,-68.33161991884087,1.0439442276954651,3.309402656555176,4.353346872329712
722,-72.57606370019195,1.1212573528289795,4.221197986602784,5.342455339431763
723,-74.38203665436359,1.1463260173797607,4.716400766372681,5.862726831436158
724,-73.05027118324716,1.122593355178833,3.5247261762619018,4.647319507598877
725,-73.80752448769596,1.144783854484558,4.455738925933838,5.600522851943969
726,-76.0512501242728,1.1404381155967713,5.340203809738159,6.480642032623291
727,-74.99000367608434,1.158002209663391,4.962827825546265,6.120830011367798
728,-74.97006712534183,1.1562340617179871,4.336458396911621,5.492692470550537
729,-74.55304989033536,1.1514392733573913,3.917227554321289,5.06866683959961
730,-77.86364529357473,1.2053667664527894,5.523128795623779,6.72849555015564
731,-75.91581796209434,1.1758828163146973,5.238292074203491,6.41417498588562
732,-73.94996774125363,1.1348119616508483,3.6785512924194337,4.8133632183074955
733,-71.57720354321712,1.1001105904579163,4.4892021179199215,5.589312744140625
734,-67.23668707300779,1.0126203775405884,2.550458002090454,3.5630783796310426
735,-72.87182083555805,1.1247977375984193,3.1495463371276857,4.274344110488892
736,-75.04060475787608,1.1504274487495423,4.895888233184815,6.046315670013428
737,-72.23731624932589,1.1015137672424316,3.9527068376541137,5.054220533370971
738,-73.18312305311915,1.12470862865448,3.484158682823181,4.6088673114776615
739,-71.06770499526056,1.0762676835060119,2.8479668855667115,3.9242345094680786
740,-73.12516631207608,1.1186786413192749,3.5702239751815794,4.68890266418457
741,-68.89006602391224,1.0402435541152955,2.388323450088501,3.4285669803619383
742,-71.34050309297103,1.0866660118103026,3.5967490434646607,4.683415079116822
743,-75.77713486725614,1.1635132551193237,4.592642164230346,5.756155395507813
744,-77.58929095219978,1.2006529211997985,5.405250215530396,6.605903148651123
745,-70.81368222860085,1.0760507345199586,2.909128499031067,3.9851792812347413
746,-78.60127874468034,1.2029503345489503,5.612853479385376,6.81580376625061
747,-72.19863767007772,1.0945957899093628,3.8685467720031737,4.963142538070679
748,-77.20798869005672,1.191196823120117,4.542948579788208,5.734145450592041
749,-75.7645701807614,1.135796058177948,3.799474096298218,4.935270118713379
750,-75.2191159653324,1.1461424112319947,4.676088094711304,5.822230529785156
751,-66.1561682195436,0.9905453681945801,3.5502613306045534,4.540806722640991
752,-65.0456390070655,0.9726360321044922,2.1607061624526978,3.133342170715332
753,-75.4622523331955,1.1423952341079713,4.012941813468933,5.1553370475769045
754,-79.48955564215677,1.23645920753479,4.425660896301269,5.66212010383606
755,-79.37089631779837,1.209758734703064,4.439988708496093,5.6497474193573
756,-73.29561746072302,1.0942186832427978,3.409029245376587,4.503247976303101
757,-75.06323679375586,1.124941313266754,4.331715154647827,5.456656408309937
758,-72.97880748488612,1.1037380337715148,3.258936548233032,4.362674570083618
759,-67.95357073206978,0.9989239692687988,2.162247586250305,3.161171555519104
760,-73.35992087109149,1.1155011773109436,3.9645751953125,5.0800763130187985
761,-78.22079376762017,1.204777443408966,4.822318172454834,6.027095603942871
762,-77.66430527957972,1.1711200714111327,5.120059537887573,6.291179609298706
763,-73.05962298321552,1.0840983986854553,3.9570273637771605,5.041125774383545
764,-77.26390984262733,1.184821879863739,5.278298950195312,6.463120794296264
765,-78.77942183989302,1.2022997975349425,5.825900650024414,7.028200435638428
766,-68.53611652365608,1.0326278328895568,3.0626158714294434,4.095243644714356
767,-79.08315380514554,1.2168831944465637,5.099932384490967,6.316815519332886
768,-77.37244870178344,1.1870874285697937,4.800057411193848,5.987144851684571
769,-70.23517741731513,1.0563892245292663,2.9569226264953614,4.013311862945557
770,-73.86595328754535,1.1167354226112365,3.6948726415634154,4.811608171463012
771,-75.114610056961,1.1449394583702088,4.82439661026001,5.969336080551147
772,-67.75438885980995,1.0039405822753906,2.2677838087081907,3.2717243909835814
773,-75.69995455852222,1.1520294427871705,3.491454529762268,4.643483972549438
774,-62.71449921148029,0.9243179500102997,1.7327301621437072,2.6570480823516847
775,-73.2014406855993,1.110673463344574,3.8217989206314087,4.932472372055054
776,-82.42508811385377,1.269249951839447,5.801436948776245,7.070686864852905
777,-78.86370187820455,1.2094272017478942,4.41567587852478,5.625103092193603
778,-74.7810373536043,1.134141755104065,3.9058255434036253,5.039967250823975
779,-72.43778164951578,1.091905117034912,3.268424892425537,4.360330057144165
780,-74.45306564170698,1.1210270881652833,3.787510132789612,4.908537149429321
781,-72.39666130980586,1.084265148639679,3.52656729221344,4.610832452774048
782,-76.83390923023558,1.1698535442352296,4.271122837066651,5.44097638130188
783,-70.58390351866684,1.0538156390190125,2.9879435777664183,4.041759252548218
784,-67.1972875416072,1.0025786221027375,3.0324148654937746,4.034993386268615
785,-68.81285079580911,1.0221840620040894,2.8539883852005006,3.876172423362732
786,-79.92574701845646,1.2120097637176515,5.167464065551758,6.3794738292694095
787,-75.2513510381895,1.1426095962524414,3.734968876838684,4.877578592300415
788,-73.99886369050725,1.1031473755836487,3.562947916984558,4.666095352172851
789,-72.31367032380317,1.085346257686615,2.8660126686096192,3.9513588905334474
790,-68.32320473351248,1.0148333311080933,3.0010037660598754,4.015837097167969
791,-79.31444961064305,1.2128719568252564,5.873704862594605,7.086576795578003
792,-78.0196111378758,1.200622034072876,4.343826389312744,5.544448375701904
793,-78.67960665186123,1.1990762591361999,5.1658588409423825,6.36493501663208
794,-72.01655776459656,1.0879361867904662,3.3351065635681154,4.4230427742004395
795,-75.00536167020358,1.1344569206237793,3.8146334648132325,4.94909029006958
796,-66.93072387409819,0.9917124927043914,1.772688341140747,2.764400815963745
797,-70.23984133920855,1.0455384612083436,3.5366894721984865,4.582227993011474
798,-68.50837632354339,1.0165637969970702,2.1602938890457155,3.1768576860427857
799,-65.62896279827928,0.9593358159065246,2.2702850103378296,3.229620838165283
800,-73.71622459088944,1.1096018433570862,4.10137972831726,5.210981607437134
801,-75.73698505636884,1.1471581935882569,4.444325160980225,5.591483402252197
802,-78.72163969951276,1.204632306098938,4.559087753295898,5.7637200355529785
803,-76.4304591895283,1.1554293394088746,4.509727525711059,5.665156841278076
804,-73.94511755517294,1.1000137090682984,3.1760025024414062,4.2760162353515625
805,-79.73273372584978,1.2086259126663208,4.845436763763428,6.054062700271606
806,-71.62077933017089,1.061658251285553,3.1436834573745727,4.205341768264771
807,-70.15546264228905,1.0452271223068237,2.4089851140975953,3.454212212562561
808,-70.02415479790244,1.0370519995689391,3.272184371948242,4.309236335754394
809,-75.44256399792187,1.131639301776886,3.770126128196716,4.901765394210815
810,-71.86539475495235,1.0735926508903504,3.015101671218872,4.088694381713867
811,-80.21531645922754,1.2163029432296752,6.099774360656738,7.316077375411988
812,-75.16586129452841,1.1249000310897828,4.153119516372681,5.2780194759368895
813,-79.79569780357845,1.2143581628799438,5.243386268615723,6.457744407653808
814,-80.13746646110536,1.2205786466598512,5.020509386062622,6.241088008880615
815,-72.03898226878599,1.080713963508606,2.816183018684387,3.8968969583511353
816,-75.2163340093918,1.121222150325775,4.156442403793335,5.277664566040039
817,-73.38077889782559,1.083140790462494,2.8702767848968507,3.9534175157547
818,-73.60723764249416,1.0958228826522827,3.2366674661636354,4.332490301132202
819,-76.49727194475172,1.1490177273750306,4.034008407592774,5.1830261707305905
820,-72.98088335779939,1.0796020865440368,3.3209153413772583,4.400517368316651
821,-68.97684586857972,1.0038558065891265,2.2419103384017944,3.2457661390304566
822,-72.88018898221287,1.0709834575653077,3.664722967147827,4.735706520080567
823,-77.19553150791594,1.166287112236023,4.195310306549072,5.3615974426269535
824,-69.73727969999746,1.0300725936889648,2.3547303676605225,3.384802961349487
825,-73.49296084169131,1.0960389256477356,3.4596084356307983,4.5556474208831785
826,-75.05260280039582,1.122966730594635,4.369708013534546,5.492674684524536
827,-72.45464324548027,1.0624418020248414,2.488896679878235,3.551338481903076
828,-75.61322479692929,1.131407904624939,3.3849011182785036,4.516308975219727
829,-73.84249640233276,1.1035773873329162,2.459970545768738,3.563547897338867
830,-70.06658345886191,1.0314747095108032,2.6919676542282103,3.7234423875808718
831,-70.96001610358604,1.0468112587928773,3.360841226577759,4.407652473449707
832,-73.69722747910589,1.0846075654029845,2.900705027580261,3.985312652587891
833,-75.26565871169973,1.135521900653839,3.2870877981185913,4.422609663009643
834,-77.98791449526573,1.1518070220947265,4.796548366546631,5.948355388641358
835,-66.34213806445192,0.9375214517116547,1.9662360548973083,2.9037575006484984
836,-74.95462642086603,1.1158366322517395,3.7915561199188232,4.907392740249634
837,-76.68159599322144,1.1317903637886046,3.911734962463379,5.043525362014771
838,-75.38556382152314,1.1194555282592773,3.9195085048675535,5.038963985443115
839,-71.55566169164571,1.0449652075767517,2.3081093311309813,3.35307457447052
840,-62.78735603858,0.8761003017425537,1.978452742099762,2.854553055763245
841,-71.26959219062346,1.0478307843208312,2.7326821804046633,3.780512976646423
842,-72.17771411122376,1.0357525944709778,2.5698519468307497,3.6056045293807983
843,-67.96628533906588,0.9871194899082184,2.351242017745972,3.3383615255355834
844,-74.00914550705517,1.0747286438941956,3.3917149543762206,4.466443586349487
845,-78.16964383033847,1.1630903244018556,4.0769041061401365,5.239994478225708
846,-70.63461978009708,1.0338632106781005,2.3716233730316163,3.405486559867859
847,-73.21002685370715,1.073019528388977,2.8300888538360596,3.9031083583831787
848,-75.66268937679234,1.1079860091209413,3.6884567499160767,4.79644284248352
849,-73.56117610400868,1.0692385911941529,3.048237419128418,4.117475938796997
850,-74.32120212099733,1.093299114704132,3.586958408355713,4.6802574634552006
851,-74.93201327567105,1.111615240573883,2.760803055763245,3.872418236732483
852,-72.53572340669562,1.0537971377372741,2.494074559211731,3.547871708869934
853,-72.13488428606898,1.0499981760978698,2.457731556892395,3.507729721069336
854,-72.55484392184019,1.0544206857681275,2.43887345790863,3.4932941436767577
855,-81.43537223084515,1.203569722175598,4.045317649841309,5.248887395858764
856,-66.50592477404302,0.9557206094264984,1.8195066690444945,2.7752272844314576
857,-79.86889821624344,1.1605659008026123,3.410215902328491,4.5707817554473875
858,-76.81385012460522,1.1293979644775392,3.70230348110199,4.831701421737671
859,-75.44659744670324,1.0928337574005127,3.046651744842529,4.139485502243042
860,-74.95508452905642,1.0825663089752198,3.5619582176208495,4.644524574279785
861,-75.82255550549287,1.1335112810134889,3.1378577709198,4.2713690280914305
862,-78.23964243953941,1.1303045153617859,3.807951498031616,4.938255977630615
863,-74.0461914847601,1.0853670358657836,3.279782199859619,4.3651491641998295
864,-75.66058553416208,1.1056926012039185,3.6878698110580443,4.793562364578247
865,-65.03483317377118,0.9282744348049163,1.714345359802246,2.642619776725769
866,-68.38543885673985,0.9680810987949371,2.302694869041443,3.2707759857177736
867,-78.31704061033375,1.1394707918167115,4.176584386825562,5.316055107116699
868,-72.36531278727865,1.0585642337799073,2.745612549781799,3.8041767835617066
869,-78.07603149880208,1.1495534658432007,3.635895562171936,4.785449028015137
870,-73.74477704358577,1.074239146709442,3.227001428604126,4.301240587234497
871,-75.67968672024044,1.0994630455970764,3.042040300369263,4.14150333404541
872,-75.72848228798472,1.1124503850936889,3.592513155937195,4.704963493347168
873,-71.01038913892059,1.0247426986694337,3.04272780418396,4.067470550537109
874,-70.74671903166526,0.9966416120529175,2.6232598066329955,3.6199013948440553
875,-74.28022145831655,1.0662482142448426,3.0438582420349123,4.110106420516968
876,-70.74174490651046,1.0148734331130982,2.2944482803344726,3.309321713447571
877,-77.51846018022118,1.1210772395133972,3.9638217449188233,5.084898853302002
878,-77.96572168425817,1.153274929523468,3.499395799636841,4.652670764923096
879,-71.22604304177872,1.0224360585212708,2.321148896217346,3.343584942817688
880,-77.58141299198186,1.158988320827484,2.9100627422332765,4.069051027297974
881,-78.90129493645031,1.1609415888786316,4.4884905338287355,5.649432134628296
882,-73.0646283087848,1.0486665964126587,2.572916626930237,3.6215832948684694
883,-72.12494992563347,1.023537015914917,2.4689783334732054,3.4925153493881225
884,-67.37684286318833,0.9405662477016449,1.6907147288322448,2.6312809705734255
885,-78.58854249137684,1.1389400959014893,4.381869459152222,5.520809555053711
886,-73.24922655121235,1.020372998714447,2.975653076171875,3.996026110649109
887,-76.60300681782769,1.0785250186920166,3.0354286432266235,4.113953638076782
888,-61.061634247678796,0.8028465270996094,1.3876584768295288,2.1905049800872805
889,-72.38529103433855,1.0053946137428285,2.5358455419540404,3.5412401437759398
890,-80.43618176831032,1.1495460748672486,3.787637495994568,4.937183618545532
891,-79.34673921050306,1.1306609988212586,3.5443276166915894,4.674988555908203
892,-75.67646193226967,1.0657266616821288,3.118854546546936,4.184581184387207
893,-71.99232208012242,0.9920898854732514,2.569919800758362,3.56200966835022
894,-64.33391784859367,0.8666657447814942,1.6593027114868164,2.5259684562683105
895,-75.53301457439167,1.0535908222198487,3.158519983291626,4.21211085319519
896,-69.45538845663822,0.9483186662197113,1.931351912021637,2.879670572280884
897,-64.46913799620157,0.8703607738018035,1.7121174335479736,2.5824781894683837
898,-69.68068181830867,0.9554646909236908,1.7769389629364014,2.7324036359786987
899,-71.86933563910262,0.9947155117988586,2.8077399492263795,3.802455449104309
900,-74.23980619683076,1.0403748512268067,3.0384092569351195,4.0787841320037845
901,-67.67956668945551,0.9197817504405975,1.7030276536941529,2.6228094577789305
902,-70.74390580421002,0.9659763634204864,2.2687196493148805,3.2346960067749024
903,-73.8550547593573,1.0285467743873595,2.961294937133789,3.9898416996002197
904,-74.83168789246386,1.0465048789978026,2.9488399505615233,3.995344853401184
905,-74.44485500631765,1.0433006763458252,2.533432674407959,3.576733350753784
906,-70.80174986477056,0.9721668839454651,2.3513176679611205,3.3234845399856567
907,-71.36208751064949,0.9715915858745575,2.2654631614685057,3.23705472946167
908,-69.7355589511605,0.9473866283893585,2.579684352874756,3.527070927619934
909,-77.01686951167214,1.0795280694961549,3.4778892040252685,4.557417201995849
910,-72.28268786089475,0.992903858423233,2.5799074172973633,3.5728112936019896
911,-71.90796943784426,0.9846509099006653,2.052517867088318,3.037168788909912
912,-75.05222462878687,1.038995659351349,3.136133909225464,4.1751296043396
913,-76.4679900015302,1.0704506993293763,2.952233624458313,4.022684359550476
914,-77.55486672436629,1.089111363887787,2.858914089202881,3.948025441169739
915,-77.87959056478414,1.0659879207611085,3.5163280248641966,4.582315874099732
916,-70.45656551079499,0.9475156188011169,2.0859113693237306,3.0334270000457764
917,-70.35206738267671,0.9597053050994873,1.7664347887039185,2.72614004611969
918,-76.65502090464409,1.0810932517051697,3.2457005739212037,4.326793813705445
919,-82.7432300431354,1.1773820161819457,5.748789072036743,6.926171159744262
920,-73.00826898002676,1.013014554977417,2.330981159210205,3.343995690345764
921,-66.64467019169659,0.8817677199840546,1.9067968726158142,2.7885645627975464
922,-68.58550156853248,0.9254562497138977,2.0623697996139527,2.987826037406921
923,-73.94074565682898,1.0239054560661316,2.1009755611419676,3.1248810291290283
924,-74.42464210111186,1.0219783663749695,2.368814706802368,3.3907930850982666
925,-68.1202811701009,0.9059845805168152,1.589964711666107,2.49594931602478
926,-69.26426584997623,0.9419247150421143,1.908787977695465,2.850712704658508
927,-69.99024735901165,0.9494302153587342,2.0189587473869324,2.9683890104293824
928,-70.3402724072188,0.9448155343532563,2.289897418022156,3.2347129344940186
929,-70.17539299886654,0.948172265291214,1.8210668802261352,2.769239139556885
930,-71.36876923663438,0.9748572826385498,2.1151836633682253,3.0900409698486326
931,-69.46011844396328,0.9317247033119201,2.0250462651252747,2.956770968437195
932,-76.50431236399577,1.049197220802307,2.7564241170883177,3.805621361732483
933,-72.2976982211105,0.9844489753246307,2.444313311576843,3.4287622928619386
934,-74.82801947358446,1.0307803392410277,3.202770447731018,4.233550882339477
935,-80.03167197305334,1.1252334594726563,3.7390267133712767,4.86426010131836
936,-70.49944470970959,0.963176941871643,1.8915605545043945,2.85473747253418
937,-86.82364115836603,1.2451555609703064,7.18275556564331,8.42791109085083
938,-74.58094170935452,1.0287266016006469,2.8954591035842894,3.9241857051849367
939,-71.09107673375348,0.957363486289978,2.1751208305358887,3.1324843168258667
940,-75.0659117708758,1.0254150867462157,2.4128607511520386,3.438275861740112
941,-75.94752612562391,1.0512657403945922,3.1391355276107786,4.190401268005371
942,-65.35461040755473,0.8542399644851685,1.470334815979004,2.3245747804641725
943,-71.72093191686835,0.9713240504264832,2.4782025098800657,3.44952654838562
944,-79.78709261402412,1.1124136805534364,3.9044082164764404,5.0168219089508055
945,-70.9925698060742,0.9561496496200561,1.8992626547813416,2.8554122924804686
946,-75.83634368344761,1.0508662581443786,2.5150396823883057,3.565905952453613
947,-74.00166796517229,1.013076663017273,2.6325282573699953,3.6456049203872682
948,-70.7869455787689,0.9571609437465668,2.0696261882781983,3.0267871618270874
949,-76.92447796135755,1.065264928340912,3.017884063720703,4.083149051666259
950,-76.42965629167273,1.0612425088882447,2.353967046737671,3.4152096271514893
951,-67.40162135393074,0.8997686028480529,1.835713505744934,2.735482120513916
952,-77.9358376589203,1.0855520725250245,3.7420661449432373,4.82761812210083
953,-69.90124106729684,0.9380994021892548,1.62867511510849,2.56677451133728
954,-76.414577844097,1.052467131614685,2.719683361053467,3.7721505165100098
955,-72.61981971402908,0.9940248906612397,2.1137410163879395,3.1077659130096436
956,-78.11709719301089,1.0797356605529784,4.835722398757935,5.915458059310913
957,-74.46810318219502,1.0120709240436554,2.922323751449585,3.934394693374634
958,-74.05127971585955,1.011537253856659,2.116611909866333,3.128149151802063
959,-77.84365742758041,1.0697481870651244,2.9058082580566404,3.9755564451217653
960,-77.72927598277522,1.0667803287506104,2.6180691480636598,3.68484947681427
961,-70.8508837442296,0.9314632773399353,1.7559733510017395,2.687436604499817
962,-73.36273761877214,0.9956514000892639,2.003117823600769,2.998769235610962
963,-74.17886706713266,1.0028208017349243,2.3800168514251707,3.382837677001953
964,-76.5113088724433,1.0487362265586853,3.011334252357483,4.060070466995239
965,-74.62751049524297,1.0142338395118713,2.8957741498947143,3.9100080013275145
966,-71.62982490745414,0.9507551252841949,2.0737738847732543,3.024529051780701
967,-77.3024738139005,1.0595916748046874,2.7003631830215453,3.759954810142517
968,-67.36440101773931,0.8865419209003449,1.676417887210846,2.5629597902297974
969,-63.32241775195354,0.8360379338264465,1.5483056664466859,2.3843436002731324
970,-76.8694158245089,1.0515032052993774,3.5800649881362916,4.631568145751953
971,-74.3036378024686,0.9966454803943634,2.668767809867859,3.6654132843017577
972,-68.64675072073561,0.8991773426532745,1.6929548621177672,2.5921321868896485
973,-61.63437523831503,0.7652725219726563,1.3579848766326905,2.123257374763489
974,-77.20949416377559,1.058214497566223,2.44030442237854,3.4985189199447633
975,-67.21930147201925,0.8793940007686615,1.4909859895706177,2.370379996299744
976,-74.93101116552143,1.0148122310638428,2.8612701654434205,3.8760823726654055
977,-69.95682722591904,0.9242586970329285,1.9290109157562256,2.853269624710083
978,-74.68574295774295,1.0008991241455079,2.0535263776779176,3.054425501823425
979,-75.92424748617174,1.0206672191619872,2.8198821783065795,3.840549373626709
980,-65.7613653883148,0.8541214227676391,1.5049476861953734,2.3590691328048705
981,-68.9773038481151,0.9122810602188111,1.4275118708610535,2.3397929191589357
982,-64.39947776495258,0.8135639071464539,1.3336771368980407,2.1472410678863527
983,-69.16653383694502,0.913161289691925,1.7746755003929138,2.687836766242981
984,-81.86103333079828,1.1215132832527162,3.3708884000778196,4.492401790618897
985,-73.59190734122737,0.9841823637485504,2.6409465074539185,3.62512891292572
986,-74.26355981316269,0.9955182909965515,2.3835573196411133,3.379075598716736
987,-79.35046985384317,1.0887403964996338,3.3496761560440063,4.438416528701782
988,-70.30511529108772,0.9383468925952911,1.6474292039871217,2.5857760906219482
989,-72.15136958245739,0.9467040359973907,1.6641219973564148,2.610826110839844
990,-74.88723275735255,1.0117596864700318,1.9310698747634887,2.9428295135498046
991,-70.67795171475187,0.9316253006458283,1.7766574263572692,2.7082827568054197
992,-70.04508951352432,0.9099088132381439,1.6962662100791932,2.6061750411987306
993,-75.75896883475004,1.0148817896842957,2.075693440437317,3.0905752182006836
994,-65.89088595425878,0.8501655995845795,1.548514187335968,2.398679757118225
995,-73.95291432348849,0.976314240694046,1.933520996570587,2.9098352670669554
996,-69.65655354312288,0.9002633571624756,1.488114356994629,2.3883777379989626
997,-73.78966503585117,0.9699222028255463,1.956323504447937,2.92624568939209
998,-74.24120197757367,0.9977245807647706,2.1244718551635744,3.122196412086487
999,-74.7158091038407,0.994436252117157,1.8016107439994813,2.796046996116638
1000,-76.46488777125869,1.0108853697776794,2.5486413717269896,3.5595267534255983
1001,-72.60276390565173,0.966434097290039,1.7660449624061585,2.7324790477752687
1002,-74.49980480974014,0.9857180297374726,1.9240121126174927,2.90973014831543
1003,-71.6951516637136,0.9270670413970947,1.6155694127082825,2.5426364660263063
1004,-70.03183349624224,0.9118114054203034,1.887335753440857,2.7991471529006957
1005,-71.51577125122836,0.9280560851097107,1.7391433715820312,2.667199444770813
1006,-80.10598552030406,1.0861570835113525,3.005771112442017,4.091928291320801
1007,-71.8767284176465,0.9389874935150146,2.1462573051452636,3.0852447986602782
1008,-80.97431338930718,1.1023449897766113,2.91236035823822,4.01470537185669
1009,-67.70294151533629,0.8646682739257813,1.6207814335823059,2.485449743270874
1010,-68.79104621706915,0.885571551322937,1.7487038254737854,2.6342753648757933
1011,-73.1896449249479,0.9637706220149994,2.1688905715942384,3.132661247253418
1012,-68.60432505771112,0.8815901160240174,1.4357701301574708,2.317360258102417